0 0.796094 0.446094 0.115625 0.087500
0 0.186719 0.492969 0.121875 0.121875
0 0.107813 0.589063 0.109375 0.101562
0 0.505469 0.385937 0.053125 0.043750
0 0.660937 0.609375 0.118750 0.078125
0 0.597656 0.451562 0.062500 0.065625
0 0.596094 0.521094 0.112500 0.079687
0 0.751563 0.292969 0.110937 0.125000
0 0.597656 0.327344 0.134375 0.090625
0 0.824219 0.185156 0.059375 0.075000
0 0.914844 0.144531 0.135937 0.085938
0 0.425781 0.500000 0.137500 0.121875
0 0.414844 0.380469 0.118750 0.073438
0 0.229687 0.355469 0.139063 0.085938
0 0.282813 0.252344 0.150000 0.112500
