0 0.366406 0.143750 0.039062 0.053125
0 0.315625 0.226562 0.031250 0.050000
0 0.342187 0.277344 0.037500 0.054688
0 0.435156 0.382812 0.037500 0.062500
0 0.494531 0.395313 0.042188 0.053125
0 0.616406 0.252344 0.050000 0.090625
0 0.627344 0.114844 0.028125 0.045312
0 0.544531 0.066406 0.039062 0.051562
0 0.723437 0.302344 0.026562 0.046875
0 0.540625 0.666406 0.039062 0.062500
0 0.574219 0.725000 0.048438 0.051562
0 0.392188 0.802344 0.037500 0.053125
0 0.354687 0.770312 0.054688 0.079687
0 0.266406 0.665625 0.026562 0.042188
0 0.303125 0.566406 0.034375 0.056250
0 0.148438 0.641406 0.032813 0.050000
0 0.435156 0.294531 0.035937 0.056250
0 0.492188 0.327344 0.035937 0.054688
0 0.654687 0.462500 0.037500 0.054688
0 0.600781 0.534375 0.031250 0.053125
0 0.446094 0.671094 0.035937 0.039062
0 0.485156 0.637500 0.045312 0.046875
0 0.453125 0.832812 0.032813 0.040625
0 0.812500 0.562500 0.054688 0.068750
0 0.785937 0.681250 0.032813 0.045312
