0 0.440625 0.571875 0.039062 0.071875
0 0.532031 0.766406 0.043750 0.068750
0 0.659375 0.624219 0.040625 0.075000
0 0.632031 0.567187 0.034375 0.081250
0 0.592187 0.564063 0.040625 0.071875
0 0.576562 0.412500 0.029687 0.059375
0 0.635156 0.340625 0.037500 0.068750
0 0.705469 0.319531 0.040625 0.076563
0 0.712500 0.247656 0.034375 0.071875
0 0.786719 0.473438 0.031250 0.068750
0 0.671094 0.417969 0.039062 0.075000
0 0.698438 0.494531 0.028125 0.051562
0 0.696094 0.575000 0.031250 0.056250
0 0.516406 0.167187 0.031250 0.059375
0 0.573438 0.071094 0.046875 0.062500
0 0.487500 0.491406 0.034375 0.056250
0 0.555469 0.646094 0.032813 0.068750
0 0.556250 0.869531 0.037500 0.057813
