0 0.223438 0.242969 0.100000 0.075000
0 0.292187 0.110156 0.103125 0.089063
0 0.566406 0.137500 0.082812 0.054688
0 0.490625 0.244531 0.073438 0.053125
0 0.392188 0.345313 0.093750 0.070312
0 0.533594 0.348438 0.118750 0.085938
0 0.727344 0.402344 0.101562 0.110937
0 0.440625 0.461719 0.073438 0.064062
0 0.306250 0.466406 0.070312 0.051562
0 0.342969 0.514062 0.081250 0.050000
0 0.189062 0.522656 0.067187 0.059375
0 0.100000 0.812500 0.112500 0.068750
0 0.723437 0.643750 0.060937 0.101562
0 0.810156 0.638281 0.059375 0.067187
0 0.553906 0.489063 0.075000 0.075000
0 0.642188 0.516406 0.106250 0.060937
0 0.228906 0.463281 0.067187 0.064062
0 0.050781 0.257812 0.101562 0.089063
0 0.910937 0.015625 0.065625 0.031250
0 0.371875 0.246094 0.085938 0.084375
0 0.277344 0.314844 0.137500 0.059375
0 0.578125 0.637500 0.078125 0.059375
0 0.582812 0.570312 0.075000 0.085938
0 0.385937 0.702344 0.073438 0.059375
0 0.253125 0.631250 0.085938 0.064062
0 0.118750 0.490625 0.067187 0.043750
0 0.135156 0.590625 0.064062 0.050000
0 0.309375 0.687500 0.065625 0.048438
0 0.764062 0.507031 0.073438 0.093750
0 0.493750 0.792969 0.092188 0.078125
0 0.875000 0.699219 0.076563 0.087500
0 0.885938 0.600000 0.065625 0.070312
0 0.631250 0.432812 0.067187 0.056250
0 0.336719 0.185156 0.059375 0.043750
0 0.307031 0.750000 0.087500 0.046875
0 0.714063 0.779687 0.082812 0.062500
0 0.303125 0.557813 0.068750 0.042188
0 0.446875 0.523438 0.125000 0.056250
