0 0.289062 0.399219 0.078125 0.056250
0 0.345313 0.403906 0.067187 0.071875
0 0.299219 0.532813 0.056250 0.050000
0 0.067187 0.717969 0.067187 0.046875
0 0.264062 0.706250 0.071875 0.043750
0 0.214844 0.628906 0.068750 0.046875
0 0.380469 0.527344 0.053125 0.037500
0 0.579688 0.611719 0.062500 0.040625
0 0.516406 0.625781 0.059375 0.031250
0 0.339062 0.633594 0.065625 0.037500
0 0.501563 0.488281 0.092188 0.053125
0 0.557813 0.436719 0.045312 0.040625
0 0.424219 0.321094 0.054688 0.029687
0 0.673438 0.488281 0.050000 0.040625
0 0.560937 0.542969 0.048438 0.037500
0 0.407031 0.475781 0.079687 0.056250
0 0.417969 0.683594 0.101562 0.040625
0 0.476562 0.543750 0.109375 0.050000
0 0.296875 0.472656 0.053125 0.059375
0 0.574219 0.484375 0.043750 0.056250
0 0.614844 0.467187 0.035937 0.048438
0 0.687500 0.385156 0.050000 0.043750
