0 0.440625 0.709375 0.065625 0.050000
0 0.797656 0.696875 0.076563 0.050000
0 0.825781 0.762500 0.075000 0.068750
0 0.973437 0.562500 0.050000 0.062500
0 0.776563 0.274219 0.062500 0.053125
0 0.751563 0.208594 0.084375 0.065625
0 0.716406 0.391406 0.056250 0.039062
0 0.452344 0.316406 0.081250 0.043750
0 0.515625 0.279687 0.046875 0.040625
0 0.555469 0.403906 0.050000 0.034375
0 0.106250 0.810937 0.065625 0.054688
0 0.363281 0.767188 0.081250 0.064062
0 0.533594 0.846875 0.046875 0.028125
0 0.596094 0.810937 0.068750 0.051562
0 0.553906 0.751563 0.075000 0.050000
0 0.535156 0.680469 0.046875 0.039062
0 0.658594 0.479687 0.053125 0.043750
0 0.721875 0.513281 0.064062 0.051562
0 0.809375 0.637500 0.067187 0.043750
0 0.826562 0.832031 0.048438 0.034375
0 0.625781 0.302344 0.051562 0.043750
0 0.936719 0.256250 0.050000 0.040625
0 0.635156 0.373437 0.064062 0.040625
0 0.457031 0.805469 0.048438 0.040625
0 0.792969 0.901563 0.082812 0.039062
0 0.930469 0.935937 0.068750 0.039062
