0 0.017969 0.970313 0.028125 0.054688
0 0.036719 0.935156 0.042188 0.071875
0 0.114062 0.922656 0.045312 0.068750
0 0.320312 0.772656 0.037500 0.053125
0 0.228125 0.718750 0.031250 0.084375
0 0.220312 0.590625 0.034375 0.082812
0 0.168750 0.723437 0.031250 0.046875
0 0.028125 0.632031 0.056250 0.062500
0 0.246875 0.837500 0.039062 0.057813
0 0.514844 0.808594 0.034375 0.071875
0 0.500000 0.877344 0.050000 0.050000
0 0.464062 0.749219 0.062500 0.068750
0 0.363281 0.710938 0.031250 0.106250
0 0.397656 0.694531 0.032813 0.057813
0 0.328906 0.375000 0.026562 0.068750
0 0.444531 0.139063 0.031250 0.062500
0 0.392188 0.600000 0.050000 0.075000
0 0.284375 0.667188 0.023438 0.040625
0 0.312500 0.634375 0.031250 0.060937
0 0.245312 0.931250 0.031250 0.046875
0 0.804688 0.614844 0.050000 0.078125
0 0.862500 0.726562 0.043750 0.075000
0 0.891406 0.928125 0.068750 0.079687
0 0.960156 0.883594 0.034375 0.062500
0 0.761719 0.379688 0.028125 0.060937
0 0.774219 0.746094 0.050000 0.109375
0 0.798438 0.973437 0.045312 0.053125
0 0.656250 0.560937 0.034375 0.046875
0 0.893750 0.445312 0.042188 0.057813
0 0.914844 0.533594 0.035937 0.059375
0 0.748437 0.853125 0.039062 0.059375
0 0.672656 0.268750 0.043750 0.078125
0 0.360156 0.412500 0.025000 0.050000
0 0.832812 0.485156 0.043750 0.053125
0 0.832031 0.406250 0.053125 0.050000
0 0.735938 0.441406 0.032813 0.053125
