0 0.178906 0.154688 0.039062 0.068750
0 0.310156 0.063281 0.037500 0.054688
0 0.879687 0.071875 0.032813 0.071875
0 0.557813 0.284375 0.035937 0.067187
0 0.468750 0.735938 0.039062 0.051562
0 0.516406 0.633594 0.039062 0.082812
0 0.641406 0.799219 0.039062 0.064062
0 0.768750 0.614062 0.035937 0.054688
0 0.717187 0.919531 0.043750 0.057813
0 0.617969 0.941406 0.050000 0.042188
0 0.541406 0.899219 0.039062 0.048438
0 0.575781 0.761719 0.035937 0.078125
0 0.553906 0.409375 0.054688 0.064062
0 0.414062 0.850781 0.032813 0.045312
