0 0.942969 0.414062 0.075000 0.046875
0 0.717187 0.204687 0.062500 0.042188
0 0.710938 0.124219 0.062500 0.051562
0 0.496875 0.080469 0.059375 0.040625
0 0.045312 0.185938 0.059375 0.071875
0 0.121094 0.166406 0.050000 0.037500
0 0.089063 0.324219 0.100000 0.059375
0 0.084375 0.467187 0.079687 0.062500
0 0.038281 0.725000 0.068750 0.065625
0 0.120313 0.776563 0.078125 0.045312
0 0.326562 0.497656 0.071875 0.053125
0 0.812500 0.464062 0.057813 0.037500
0 0.721875 0.253125 0.084375 0.032813
0 0.748437 0.320312 0.059375 0.037500
0 0.642188 0.307031 0.050000 0.034375
0 0.583594 0.149219 0.098437 0.103125
0 0.282813 0.171875 0.054688 0.040625
0 0.222656 0.209375 0.050000 0.037500
0 0.235937 0.557031 0.053125 0.039062
0 0.248438 0.480469 0.059375 0.035937
0 0.815625 0.651563 0.053125 0.034375
0 0.962500 0.250781 0.059375 0.040625
0 0.438281 0.171875 0.057813 0.050000
0 0.608594 0.486719 0.046875 0.040625
0 0.578125 0.360938 0.059375 0.040625
0 0.322656 0.649219 0.048438 0.040625
0 0.325000 0.262500 0.059375 0.034375
0 0.417969 0.245312 0.096875 0.040625
0 0.575000 0.446094 0.068750 0.034375
0 0.653906 0.053125 0.059375 0.043750
0 0.758594 0.082031 0.054688 0.037500
