0 0.303906 0.157031 0.043750 0.082812
0 0.417187 0.386719 0.051562 0.050000
0 0.401562 0.439063 0.053125 0.075000
0 0.396094 0.542969 0.046875 0.071875
0 0.633594 0.525781 0.048438 0.101562
0 0.373437 0.064062 0.075000 0.128125
0 0.455469 0.089844 0.042188 0.084375
0 0.635156 0.028906 0.040625 0.056250
0 0.806250 0.271094 0.039062 0.093750
0 0.545312 0.722656 0.046875 0.084375
0 0.512500 0.484375 0.071875 0.096875
0 0.471094 0.317969 0.065625 0.190625
0 0.414062 0.210938 0.040625 0.065625
0 0.372656 0.239844 0.043750 0.070312
0 0.280469 0.357031 0.053125 0.093750
0 0.535156 0.303906 0.034375 0.059375
0 0.442188 0.685156 0.043750 0.146875
0 0.749219 0.453906 0.043750 0.056250
