0 0.223438 0.747656 0.087500 0.081250
0 0.570312 0.660156 0.073438 0.075000
0 0.621875 0.607812 0.059375 0.050000
0 0.663281 0.655469 0.087500 0.071875
0 0.615625 0.280469 0.062500 0.053125
0 0.610156 0.477344 0.096875 0.065625
0 0.696094 0.409375 0.056250 0.056250
0 0.789062 0.367969 0.090625 0.068750
0 0.807813 0.754687 0.075000 0.060937
0 0.787500 0.854688 0.062500 0.040625
0 0.498437 0.885938 0.153125 0.081250
0 0.509375 0.728125 0.093750 0.065625
0 0.485156 0.621094 0.087500 0.050000
0 0.261719 0.579688 0.150000 0.090625
0 0.330469 0.760156 0.075000 0.050000
0 0.805469 0.586719 0.106250 0.056250
0 0.683594 0.539844 0.065625 0.037500
0 0.836719 0.494531 0.109375 0.057813
0 0.935937 0.475000 0.065625 0.068750
0 0.691406 0.783594 0.064062 0.039062
0 0.942969 0.277344 0.059375 0.040625
