0 0.912500 0.202344 0.068750 0.078125
0 0.979688 0.328906 0.040625 0.078125
0 0.579688 0.575781 0.145313 0.128125
0 0.485938 0.389844 0.071875 0.062500
0 0.349219 0.560156 0.065625 0.050000
0 0.316406 0.616406 0.106250 0.046875
0 0.684375 0.830469 0.115625 0.081250
0 0.757812 0.673438 0.106250 0.078125
0 0.772656 0.467969 0.145313 0.100000
0 0.625000 0.663281 0.109375 0.053125
0 0.544531 0.901563 0.075000 0.053125
0 0.302344 0.792969 0.059375 0.087500
0 0.402344 0.782031 0.084375 0.062500
0 0.192188 0.831250 0.087500 0.050000
0 0.058594 0.566406 0.075000 0.078125
0 0.360156 0.403125 0.082812 0.053125
0 0.866406 0.603125 0.100000 0.067187
0 0.865625 0.796875 0.101562 0.056250
0 0.635156 0.725781 0.071875 0.053125
0 0.550000 0.801562 0.125000 0.087500
