0 0.171094 0.107031 0.084375 0.075000
0 0.357812 0.530469 0.090625 0.062500
0 0.901563 0.532031 0.109375 0.087500
0 0.745313 0.592187 0.115625 0.059375
0 0.463281 0.623437 0.079687 0.059375
0 0.439844 0.321094 0.087500 0.075000
0 0.380469 0.413281 0.100000 0.100000
0 0.208594 0.379688 0.103125 0.068750
0 0.275781 0.192188 0.093750 0.090625
0 0.035156 0.388281 0.070312 0.106250
0 0.076563 0.604688 0.096875 0.098437
0 0.343750 0.660156 0.100000 0.068750
0 0.107813 0.298438 0.103125 0.110937
0 0.038281 0.736719 0.076563 0.081250
0 0.247656 0.692969 0.100000 0.059375
