0 0.099219 0.780469 0.037500 0.054688
0 0.381250 0.682813 0.039062 0.040625
0 0.496875 0.207031 0.048438 0.096875
0 0.562500 0.325781 0.037500 0.046875
0 0.599219 0.225000 0.043750 0.053125
0 0.658594 0.166406 0.034375 0.056250
0 0.716406 0.504687 0.034375 0.056250
0 0.730469 0.565625 0.070312 0.059375
0 0.655469 0.617188 0.087500 0.065625
0 0.616406 0.296094 0.065625 0.087500
0 0.683594 0.229687 0.054688 0.071875
0 0.731250 0.317188 0.040625 0.062500
0 0.690625 0.417187 0.062500 0.100000
0 0.594531 0.564844 0.085938 0.078125
