0 0.361719 0.167187 0.035937 0.053125
0 0.556250 0.447656 0.028125 0.050000
0 0.450000 0.567187 0.032813 0.054688
0 0.147656 0.101562 0.039062 0.096875
0 0.010937 0.410938 0.021875 0.078125
0 0.221094 0.210156 0.051562 0.078125
0 0.334375 0.425781 0.087500 0.085938
0 0.207031 0.544531 0.031250 0.059375
0 0.292187 0.668750 0.031250 0.051562
0 0.254688 0.702344 0.026562 0.046875
0 0.383594 0.750781 0.039062 0.057813
0 0.561719 0.679688 0.046875 0.071875
0 0.474219 0.241406 0.028125 0.043750
0 0.689063 0.257812 0.050000 0.073438
0 0.535937 0.787500 0.039062 0.076563
0 0.482812 0.846094 0.035937 0.060937
0 0.374219 0.925781 0.037500 0.073438
0 0.485156 0.189062 0.040625 0.045312
0 0.773438 0.271094 0.035937 0.054688
0 0.557813 0.354687 0.054688 0.112500
0 0.840625 0.552344 0.037500 0.042188
0 0.748437 0.642188 0.028125 0.045312
0 0.347656 0.617188 0.035937 0.056250
0 0.025000 0.671875 0.029687 0.062500
0 0.384375 0.214844 0.029687 0.045312
0 0.696875 0.078906 0.042188 0.060937
