0 0.020313 0.593750 0.031250 0.051562
0 0.070312 0.486719 0.035937 0.067187
0 0.079687 0.409375 0.042188 0.075000
0 0.083594 0.693750 0.037500 0.071875
0 0.088281 0.800781 0.032813 0.078125
0 0.446094 0.268750 0.037500 0.073438
0 0.785937 0.921875 0.051562 0.071875
0 0.953125 0.857031 0.042188 0.135937
0 0.939844 0.747656 0.059375 0.075000
0 0.687500 0.585156 0.039062 0.059375
0 0.341406 0.280469 0.034375 0.043750
0 0.235937 0.349219 0.023438 0.039062
0 0.168750 0.335156 0.032813 0.048438
0 0.203906 0.169531 0.031250 0.048438
0 0.289844 0.610938 0.026562 0.037500
0 0.214844 0.688281 0.034375 0.050000
0 0.796875 0.774219 0.026562 0.035937
0 0.569531 0.231250 0.050000 0.082812
0 0.654687 0.457031 0.026562 0.045312
0 0.326562 0.163281 0.023438 0.037500
0 0.150000 0.660156 0.029687 0.068750
0 0.335938 0.392969 0.021875 0.035937
