0 0.446094 0.235937 0.037500 0.081250
0 0.509375 0.178125 0.059375 0.059375
0 0.548438 0.267188 0.039062 0.060937
0 0.450000 0.456250 0.029687 0.043750
0 0.515625 0.419531 0.040625 0.050000
0 0.616406 0.237500 0.023438 0.046875
0 0.571094 0.327344 0.040625 0.054688
0 0.602344 0.289062 0.021875 0.046875
0 0.335156 0.101562 0.040625 0.037500
0 0.439063 0.104688 0.039062 0.059375
0 0.421094 0.523438 0.045312 0.059375
0 0.571875 0.578125 0.040625 0.068750
0 0.564844 0.435156 0.029687 0.043750
0 0.428906 0.370312 0.037500 0.056250
0 0.385156 0.434375 0.037500 0.053125
0 0.385156 0.362500 0.032813 0.062500
0 0.468750 0.525000 0.028125 0.043750
