0 0.290625 0.440625 0.050000 0.065625
0 0.303125 0.797656 0.050000 0.076563
0 0.237500 0.825781 0.068750 0.075000
0 0.437500 0.973437 0.062500 0.050000
0 0.725781 0.776563 0.053125 0.062500
0 0.791406 0.751563 0.065625 0.084375
0 0.608594 0.716406 0.039062 0.056250
0 0.683594 0.452344 0.043750 0.081250
0 0.720313 0.515625 0.040625 0.046875
0 0.596094 0.555469 0.034375 0.050000
0 0.189062 0.106250 0.053125 0.065625
0 0.232813 0.363281 0.064062 0.081250
0 0.153125 0.533594 0.028125 0.046875
0 0.189062 0.596094 0.051562 0.068750
0 0.248438 0.553906 0.050000 0.075000
0 0.319531 0.535156 0.039062 0.046875
0 0.520312 0.658594 0.043750 0.053125
0 0.486719 0.721875 0.051562 0.064062
0 0.362500 0.809375 0.043750 0.067187
0 0.167969 0.826562 0.034375 0.048438
0 0.697656 0.625781 0.043750 0.051562
0 0.743750 0.936719 0.040625 0.050000
0 0.626563 0.635156 0.040625 0.064062
0 0.194531 0.457031 0.040625 0.048438
0 0.098437 0.792969 0.037500 0.082812
0 0.064062 0.930469 0.039062 0.068750
