0 0.222656 0.786719 0.050000 0.029687
0 0.257031 0.630469 0.043750 0.031250
0 0.118750 0.473438 0.042188 0.040625
0 0.085938 0.571875 0.048438 0.028125
0 0.311719 0.669531 0.053125 0.031250
0 0.463281 0.523438 0.031250 0.025000
0 0.386719 0.395313 0.050000 0.025000
0 0.422656 0.414844 0.034375 0.025000
0 0.374219 0.261719 0.043750 0.029687
0 0.275000 0.235156 0.051562 0.037500
0 0.169531 0.212500 0.040625 0.028125
0 0.203125 0.307031 0.042188 0.031250
0 0.355469 0.223438 0.040625 0.021875
0 0.568750 0.317969 0.056250 0.037500
0 0.642188 0.320312 0.046875 0.028125
0 0.761719 0.341406 0.068750 0.031250
0 0.836719 0.424219 0.064062 0.034375
0 0.713281 0.432031 0.040625 0.028125
0 0.861719 0.540625 0.053125 0.053125
0 0.788281 0.633594 0.040625 0.021875
0 0.617188 0.610156 0.043750 0.026562
0 0.617969 0.660937 0.035937 0.028125
0 0.565625 0.661719 0.037500 0.025000
0 0.673438 0.461719 0.040625 0.025000
0 0.767969 0.671094 0.037500 0.021875
0 0.507031 0.247656 0.032813 0.023438
0 0.253906 0.207031 0.053125 0.021875
0 0.048438 0.466406 0.053125 0.034375
0 0.346094 0.778906 0.054688 0.040625
0 0.514062 0.775781 0.065625 0.025000
