0 0.158594 0.021875 0.042188 0.037500
0 0.867188 0.171094 0.050000 0.050000
0 0.152344 0.246875 0.043750 0.059375
0 0.075000 0.088281 0.056250 0.051562
0 0.572656 0.322656 0.053125 0.062500
0 0.400000 0.276562 0.085938 0.050000
0 0.269531 0.094531 0.050000 0.046875
0 0.346875 0.082812 0.057813 0.079687
0 0.300781 0.271094 0.056250 0.056250
0 0.183594 0.167969 0.054688 0.042188
0 0.547656 0.022656 0.053125 0.037500
0 0.529687 0.064062 0.059375 0.043750
0 0.499219 0.103906 0.050000 0.043750
0 0.316406 0.357812 0.050000 0.053125
0 0.249219 0.240625 0.037500 0.031250
0 0.272656 0.220312 0.034375 0.040625
0 0.357812 0.230469 0.046875 0.053125
