0 0.421094 0.460156 0.040625 0.062500
0 0.303906 0.568750 0.043750 0.090625
0 0.298438 0.685156 0.039062 0.059375
0 0.564063 0.438281 0.067187 0.093750
0 0.625000 0.321094 0.045312 0.079687
0 0.554688 0.160156 0.039062 0.053125
0 0.464844 0.142187 0.043750 0.060937
0 0.528906 0.126562 0.025000 0.043750
0 0.561719 0.223438 0.039062 0.050000
0 0.511719 0.600000 0.053125 0.098437
0 0.616406 0.564844 0.078125 0.101562
0 0.470313 0.672656 0.045312 0.057813
0 0.436719 0.623437 0.039062 0.051562
0 0.551562 0.544531 0.029687 0.048438
0 0.539844 0.284375 0.031250 0.050000
0 0.507812 0.386719 0.046875 0.060937
0 0.905469 0.422656 0.031250 0.064062
0 0.589063 0.357812 0.035937 0.050000
