0 0.227344 0.192969 0.059375 0.087500
0 0.337500 0.189062 0.101562 0.164062
0 0.437500 0.171875 0.059375 0.079687
0 0.459375 0.272656 0.078125 0.075000
0 0.525781 0.378906 0.081250 0.120313
0 0.338281 0.420312 0.078125 0.134375
0 0.249219 0.460938 0.068750 0.089063
0 0.134375 0.522656 0.125000 0.095312
0 0.435156 0.405469 0.059375 0.078125
0 0.397656 0.319531 0.071875 0.078125
0 0.706250 0.512500 0.082812 0.109375
0 0.894531 0.625000 0.071875 0.118750
0 0.887500 0.282813 0.131250 0.104688
0 0.724219 0.285156 0.071875 0.125000
0 0.603906 0.253125 0.073438 0.093750
0 0.146094 0.289062 0.154688 0.159375
0 0.028125 0.391406 0.056250 0.154688
0 0.025781 0.679688 0.051562 0.109375
0 0.414844 0.871875 0.084375 0.103125
0 0.471094 0.620313 0.056250 0.067187
0 0.525000 0.721094 0.054688 0.093750
0 0.671094 0.615625 0.053125 0.075000
0 0.432031 0.481250 0.062500 0.059375
0 0.500000 0.181250 0.046875 0.062500
0 0.389844 0.533594 0.081250 0.059375
0 0.928906 0.471875 0.070312 0.140625
0 0.824219 0.371094 0.081250 0.096875
0 0.292187 0.543750 0.043750 0.068750
