0 0.440625 0.109375 0.045312 0.056250
0 0.498437 0.131250 0.037500 0.046875
0 0.560156 0.020313 0.054688 0.040625
0 0.580469 0.403906 0.040625 0.050000
0 0.532813 0.367969 0.075000 0.084375
0 0.206250 0.758594 0.050000 0.059375
0 0.160156 0.832031 0.059375 0.075000
0 0.346094 0.749219 0.039062 0.048438
0 0.564063 0.701562 0.040625 0.059375
0 0.652344 0.760938 0.064062 0.106250
0 0.721875 0.726562 0.042188 0.056250
0 0.754687 0.849219 0.046875 0.059375
0 0.283594 0.318750 0.040625 0.045312
0 0.107813 0.674219 0.037500 0.056250
0 0.219531 0.689844 0.056250 0.051562
0 0.755469 0.323437 0.073438 0.075000
