0 0.433594 0.439844 0.048438 0.104688
0 0.529687 0.108594 0.034375 0.062500
0 0.537500 0.403125 0.034375 0.078125
0 0.628125 0.236719 0.046875 0.150000
0 0.702344 0.242969 0.048438 0.067187
0 0.748437 0.292187 0.025000 0.093750
0 0.421875 0.711719 0.053125 0.082812
0 0.121094 0.843750 0.040625 0.076563
0 0.213281 0.778906 0.039062 0.060937
0 0.217188 0.834375 0.039062 0.051562
0 0.293750 0.797656 0.031250 0.056250
0 0.391406 0.805469 0.025000 0.051562
0 0.587500 0.868750 0.032813 0.060937
0 0.242188 0.557031 0.050000 0.073438
0 0.303906 0.589063 0.057813 0.064062
0 0.402344 0.571875 0.060937 0.096875
0 0.625781 0.550000 0.028125 0.060937
0 0.689063 0.533594 0.040625 0.065625
0 0.182812 0.368750 0.056250 0.076563
0 0.285938 0.687500 0.084375 0.089063
0 0.572656 0.710156 0.046875 0.059375
0 0.446094 0.639062 0.034375 0.046875
0 0.700000 0.616406 0.026562 0.060937
