0 0.518750 0.311719 0.064062 0.089063
0 0.600000 0.660156 0.084375 0.126562
0 0.785156 0.758594 0.071875 0.098437
0 0.838281 0.606250 0.060937 0.131250
0 0.872656 0.817969 0.053125 0.078125
0 0.677344 0.757812 0.053125 0.078125
0 0.386719 0.799219 0.050000 0.103125
0 0.531250 0.450781 0.084375 0.164062
0 0.689063 0.305469 0.073438 0.146875
0 0.767969 0.296875 0.062500 0.093750
0 0.682031 0.446094 0.087500 0.123438
0 0.783594 0.491406 0.092188 0.134375
0 0.601562 0.467969 0.048438 0.068750
0 0.748437 0.592969 0.057813 0.068750
0 0.717187 0.126562 0.068750 0.085938
