0 0.439844 0.566406 0.104688 0.048438
0 0.108594 0.470313 0.062500 0.034375
0 0.403125 0.462500 0.078125 0.034375
0 0.236719 0.371875 0.150000 0.046875
0 0.242969 0.297656 0.067187 0.048438
0 0.292187 0.251563 0.093750 0.025000
0 0.711719 0.578125 0.084375 0.053125
0 0.843750 0.878906 0.075000 0.040625
0 0.778906 0.786719 0.060937 0.037500
0 0.834375 0.782813 0.050000 0.037500
0 0.797656 0.706250 0.056250 0.031250
0 0.805469 0.608594 0.050000 0.025000
0 0.868750 0.412500 0.060937 0.032813
0 0.557031 0.757812 0.071875 0.050000
0 0.589063 0.696094 0.064062 0.057813
0 0.571875 0.597656 0.096875 0.060937
0 0.550000 0.374219 0.060937 0.028125
0 0.533594 0.310937 0.065625 0.040625
0 0.368750 0.817187 0.075000 0.056250
0 0.687500 0.714063 0.087500 0.084375
0 0.710156 0.427344 0.059375 0.046875
0 0.639062 0.553906 0.046875 0.034375
0 0.616406 0.300000 0.060937 0.026562
