0 0.236719 0.318750 0.062500 0.040625
0 0.325000 0.307812 0.103125 0.071875
0 0.228906 0.257031 0.096875 0.056250
0 0.048438 0.650000 0.096875 0.073438
0 0.491406 0.614844 0.089063 0.046875
0 0.533594 0.675781 0.096875 0.065625
0 0.838281 0.403125 0.093750 0.043750
0 0.753906 0.567187 0.096875 0.068750
0 0.778906 0.467187 0.081250 0.050000
0 0.664844 0.510938 0.067187 0.031250
0 0.631250 0.573438 0.071875 0.042188
0 0.635156 0.446094 0.071875 0.081250
0 0.340625 0.388281 0.087500 0.051562
0 0.359375 0.457031 0.121875 0.081250
0 0.313281 0.571094 0.103125 0.084375
0 0.571094 0.449219 0.050000 0.059375
0 0.094531 0.552344 0.087500 0.048438
0 0.156250 0.334375 0.121875 0.059375
0 0.246094 0.442969 0.090625 0.109375
0 0.199219 0.597656 0.095312 0.050000
0 0.089063 0.795312 0.103125 0.065625
0 0.153125 0.667969 0.087500 0.078125
0 0.307812 0.649219 0.103125 0.067187
0 0.485938 0.453125 0.103125 0.062500
0 0.482812 0.539062 0.210938 0.096875
0 0.216406 0.768750 0.089063 0.112500
