0 0.115625 0.368750 0.050000 0.040625
0 0.020313 0.423438 0.040625 0.043750
0 0.036719 0.724219 0.046875 0.040625
0 0.198437 0.761719 0.078125 0.053125
0 0.526563 0.935937 0.075000 0.053125
0 0.698438 0.899219 0.081250 0.070312
0 0.658594 0.821875 0.050000 0.039062
0 0.739844 0.582812 0.051562 0.045312
0 0.833594 0.456250 0.051562 0.031250
0 0.700000 0.529687 0.060937 0.037500
0 0.557813 0.432812 0.048438 0.034375
0 0.376563 0.460938 0.125000 0.087500
0 0.220312 0.413281 0.068750 0.062500
0 0.257812 0.638281 0.084375 0.034375
0 0.392188 0.721094 0.106250 0.053125
0 0.468750 0.774219 0.081250 0.065625
0 0.621875 0.617188 0.056250 0.035937
0 0.566406 0.765625 0.096875 0.056250
0 0.211719 0.581250 0.059375 0.043750
0 0.264062 0.606250 0.042188 0.028125
0 0.282813 0.557031 0.064062 0.053125
0 0.352344 0.563281 0.064062 0.050000
0 0.583594 0.509375 0.060937 0.039062
0 0.419531 0.663281 0.062500 0.037500
0 0.480469 0.667969 0.060937 0.040625
0 0.533594 0.640625 0.056250 0.062500
0 0.797656 0.542969 0.043750 0.040625
0 0.417969 0.545312 0.046875 0.031250
0 0.497656 0.517188 0.065625 0.034375
0 0.078906 0.564844 0.040625 0.046875
