0 0.978125 0.158594 0.039062 0.042188
0 0.828906 0.867188 0.050000 0.050000
0 0.753125 0.152344 0.059375 0.045312
0 0.911719 0.075000 0.051562 0.056250
0 0.677344 0.572656 0.062500 0.051562
0 0.723437 0.400000 0.051562 0.085938
0 0.905469 0.269531 0.046875 0.051562
0 0.917188 0.346875 0.079687 0.057813
0 0.728906 0.300781 0.056250 0.056250
0 0.832031 0.183594 0.042188 0.054688
0 0.977344 0.547656 0.037500 0.054688
0 0.935937 0.529687 0.045312 0.059375
0 0.896094 0.499219 0.043750 0.050000
0 0.642188 0.316406 0.051562 0.051562
0 0.759375 0.249219 0.031250 0.037500
0 0.779687 0.272656 0.042188 0.035937
0 0.769531 0.357812 0.053125 0.046875
