0 0.327344 0.499219 0.065625 0.053125
0 0.244531 0.616406 0.081250 0.062500
0 0.203906 0.528906 0.081250 0.054688
0 0.121094 0.581250 0.060937 0.059375
0 0.328125 0.794531 0.109375 0.070312
0 0.309375 0.886719 0.075000 0.064062
0 0.215625 0.885156 0.096875 0.056250
0 0.185938 0.802344 0.134375 0.070312
0 0.868750 0.135156 0.079687 0.053125
0 0.916406 0.292187 0.068750 0.051562
0 0.973437 0.120313 0.053125 0.071875
0 0.867969 0.227344 0.056250 0.071875
0 0.782031 0.163281 0.065625 0.048438
0 0.446094 0.386719 0.137500 0.085938
0 0.339844 0.581250 0.068750 0.065625
0 0.807031 0.944531 0.062500 0.040625
