0 0.600781 0.289062 0.056250 0.078125
0 0.596094 0.345313 0.071875 0.067187
0 0.467187 0.299219 0.050000 0.056250
0 0.282031 0.067187 0.046875 0.067187
0 0.293750 0.264062 0.043750 0.071875
0 0.371094 0.214844 0.046875 0.068750
0 0.472656 0.380469 0.037500 0.053125
0 0.388281 0.579688 0.040625 0.062500
0 0.374219 0.516406 0.031250 0.059375
0 0.366406 0.339062 0.037500 0.065625
0 0.511719 0.501563 0.053125 0.092188
0 0.563281 0.557813 0.040625 0.045312
0 0.678906 0.424219 0.029687 0.054688
0 0.511719 0.673438 0.040625 0.050000
0 0.457031 0.560937 0.037500 0.048438
0 0.524219 0.407031 0.056250 0.079687
0 0.316406 0.417969 0.040625 0.101562
0 0.456250 0.476562 0.050000 0.109375
0 0.527344 0.296875 0.059375 0.053125
0 0.515625 0.574219 0.056250 0.043750
0 0.532813 0.614844 0.048438 0.035937
0 0.614844 0.687500 0.043750 0.050000
