0 0.520312 0.853125 0.071875 0.046875
0 0.530469 0.787500 0.084375 0.046875
0 0.404687 0.805469 0.062500 0.040625
0 0.459375 0.785156 0.031250 0.021875
0 0.574219 0.675000 0.056250 0.045312
0 0.691406 0.647656 0.064062 0.040625
0 0.714844 0.264062 0.068750 0.043750
0 0.797656 0.511719 0.046875 0.034375
0 0.778906 0.474219 0.034375 0.020313
0 0.278906 0.540625 0.043750 0.025000
0 0.396875 0.385156 0.065625 0.034375
0 0.424219 0.335156 0.050000 0.045312
0 0.043750 0.712500 0.048438 0.029687
0 0.467187 0.903906 0.046875 0.029687
0 0.282031 0.878125 0.043750 0.037500
0 0.309375 0.816406 0.043750 0.028125
0 0.824219 0.864062 0.037500 0.023438
0 0.646875 0.691406 0.046875 0.037500
0 0.642969 0.614844 0.046875 0.060937
0 0.851562 0.689063 0.040625 0.026562
0 0.596875 0.340625 0.093750 0.040625
0 0.646875 0.439063 0.037500 0.023438
0 0.525000 0.248438 0.051562 0.021875
0 0.268750 0.610938 0.035937 0.028125
0 0.017188 0.764062 0.034375 0.048438
0 0.014063 0.619531 0.028125 0.028125
0 0.074219 0.651563 0.046875 0.031250
0 0.375781 0.429688 0.043750 0.021875
0 0.853906 0.273438 0.053125 0.028125
0 0.301563 0.421875 0.037500 0.023438
