0 0.184375 0.548438 0.071875 0.081250
0 0.443750 0.362500 0.064062 0.085938
0 0.446875 0.454688 0.037500 0.056250
0 0.623437 0.634375 0.043750 0.054688
0 0.482031 0.783594 0.046875 0.051562
0 0.210938 0.652344 0.039062 0.057813
0 0.201563 0.721875 0.034375 0.048438
0 0.281250 0.652344 0.046875 0.057813
0 0.422656 0.652344 0.054688 0.046875
0 0.339062 0.400781 0.059375 0.071875
0 0.369531 0.333594 0.045312 0.059375
0 0.496875 0.294531 0.045312 0.060937
0 0.535937 0.361719 0.065625 0.081250
0 0.588281 0.524219 0.059375 0.062500
0 0.453125 0.515625 0.032813 0.043750
0 0.492969 0.541406 0.043750 0.103125
0 0.505469 0.645312 0.056250 0.081250
0 0.685156 0.620313 0.035937 0.043750
0 0.570312 0.691406 0.034375 0.065625
0 0.602344 0.717187 0.043750 0.057813
0 0.598437 0.853906 0.056250 0.046875
0 0.625000 0.777344 0.029687 0.040625
0 0.541406 0.250000 0.037500 0.050000
0 0.724219 0.385156 0.037500 0.071875
0 0.778125 0.686719 0.026562 0.046875
0 0.731250 0.644531 0.031250 0.068750
0 0.016406 0.332031 0.031250 0.056250
0 0.019531 0.440625 0.037500 0.062500
0 0.019531 0.559375 0.035937 0.075000
0 0.075000 0.641406 0.048438 0.078125
0 0.085156 0.550000 0.037500 0.050000
0 0.707031 0.771094 0.040625 0.054688
