0 0.528906 0.340625 0.096875 0.081250
0 0.613281 0.673438 0.096875 0.073438
0 0.655469 0.504687 0.145313 0.103125
0 0.464062 0.514062 0.068750 0.078125
0 0.308594 0.532813 0.146875 0.100000
0 0.275781 0.383594 0.084375 0.062500
0 0.310156 0.275000 0.106250 0.093750
0 0.150781 0.455469 0.079687 0.059375
0 0.149219 0.534375 0.073438 0.096875
0 0.326562 0.730469 0.101562 0.098437
0 0.603906 0.790625 0.112500 0.068750
0 0.469531 0.267969 0.179688 0.100000
0 0.961719 0.725000 0.076563 0.087500
0 0.710156 0.761719 0.071875 0.050000
0 0.226562 0.722656 0.053125 0.048438
0 0.118750 0.821094 0.081250 0.064062
0 0.593750 0.420312 0.104688 0.071875
