0 0.460938 0.571875 0.053125 0.084375
0 0.531250 0.082031 0.054688 0.068750
0 0.589063 0.210938 0.046875 0.075000
0 0.788281 0.367188 0.046875 0.071875
0 0.257812 0.701562 0.076563 0.078125
0 0.312500 0.265625 0.053125 0.075000
0 0.549219 0.325000 0.067187 0.076563
0 0.620313 0.401562 0.050000 0.076563
0 0.680469 0.421875 0.056250 0.100000
0 0.719531 0.570312 0.057813 0.093750
0 0.697656 0.834375 0.096875 0.098437
0 0.732812 0.939063 0.096875 0.084375
0 0.510938 0.162500 0.062500 0.067187
0 0.516406 0.224219 0.068750 0.059375
0 0.160156 0.309375 0.043750 0.071875
0 0.178125 0.637500 0.040625 0.059375
0 0.171875 0.707031 0.040625 0.056250
0 0.075000 0.684375 0.037500 0.084375
0 0.545312 0.890625 0.068750 0.089063
0 0.392969 0.712500 0.043750 0.064062
0 0.103125 0.972656 0.040625 0.050000
0 0.013281 0.931250 0.026562 0.050000
0 0.264062 0.778125 0.075000 0.065625
0 0.641406 0.963281 0.039062 0.060937
