0 0.845313 0.178906 0.068750 0.039062
0 0.936719 0.310156 0.054688 0.037500
0 0.928125 0.879687 0.071875 0.032813
0 0.715625 0.557813 0.065625 0.034375
0 0.264062 0.468750 0.053125 0.039062
0 0.366406 0.516406 0.082812 0.037500
0 0.200781 0.641406 0.062500 0.037500
0 0.385937 0.768750 0.056250 0.035937
0 0.080469 0.717187 0.056250 0.043750
0 0.058594 0.617969 0.040625 0.048438
0 0.100781 0.541406 0.048438 0.037500
0 0.238281 0.575781 0.078125 0.034375
0 0.590625 0.553906 0.062500 0.054688
0 0.149219 0.414062 0.043750 0.031250
