0 0.421094 0.153906 0.031250 0.020313
0 0.419531 0.174219 0.025000 0.017188
0 0.390625 0.185156 0.029687 0.018750
0 0.308594 0.173437 0.028125 0.015625
0 0.267188 0.221094 0.037500 0.023438
0 0.332031 0.250000 0.029687 0.018750
0 0.451562 0.235156 0.026562 0.021875
0 0.482031 0.196094 0.028125 0.014063
0 0.617188 0.249219 0.043750 0.025000
0 0.404687 0.293750 0.035937 0.026562
0 0.226562 0.297656 0.043750 0.028125
0 0.440625 0.307031 0.034375 0.021875
0 0.623437 0.290625 0.028125 0.018750
0 0.682813 0.250000 0.025000 0.015625
0 0.628906 0.333594 0.025000 0.018750
0 0.382812 0.451562 0.037500 0.026562
0 0.270313 0.487500 0.028125 0.021875
0 0.239063 0.360938 0.025000 0.015625
0 0.323437 0.322656 0.021875 0.012500
0 0.384375 0.359375 0.020313 0.012500
0 0.421875 0.330469 0.021875 0.017188
0 0.217188 0.212500 0.028125 0.029687
0 0.114062 0.269531 0.028125 0.023438
0 0.114062 0.390625 0.028125 0.017188
0 0.266406 0.537500 0.032813 0.025000
0 0.403125 0.386719 0.028125 0.018750
0 0.398438 0.417187 0.034375 0.025000
0 0.510938 0.412500 0.025000 0.015625
0 0.659375 0.436719 0.037500 0.028125
0 0.600781 0.525781 0.031250 0.021875
0 0.565625 0.575781 0.031250 0.018750
0 0.601562 0.576562 0.028125 0.015625
0 0.557813 0.615625 0.026562 0.018750
0 0.277344 0.456250 0.051562 0.034375
0 0.273438 0.403906 0.046875 0.021875
0 0.206250 0.433594 0.034375 0.023438
0 0.163281 0.399219 0.082812 0.039062
0 0.190625 0.524219 0.025000 0.018750
0 0.205469 0.548438 0.029687 0.020313
0 0.222656 0.571875 0.031250 0.023438
0 0.177344 0.574219 0.029687 0.021875
0 0.161719 0.559375 0.025000 0.018750
0 0.280469 0.614062 0.031250 0.029687
0 0.272656 0.558594 0.020313 0.010937
0 0.371875 0.527344 0.032813 0.018750
0 0.341406 0.548438 0.039062 0.015625
0 0.390625 0.568750 0.034375 0.021875
0 0.437500 0.524219 0.043750 0.034375
0 0.314844 0.347656 0.037500 0.023438
0 0.141406 0.358594 0.081250 0.040625
0 0.337500 0.450000 0.018750 0.010937
0 0.350000 0.458594 0.018750 0.012500
0 0.432031 0.557813 0.021875 0.015625
0 0.267969 0.642188 0.037500 0.028125
0 0.223438 0.690625 0.025000 0.017188
0 0.166406 0.692969 0.032813 0.018750
0 0.294531 0.793750 0.031250 0.012500
0 0.348438 0.696875 0.018750 0.012500
0 0.686719 0.314844 0.043750 0.035937
0 0.561719 0.229687 0.025000 0.020313
0 0.740625 0.342969 0.031250 0.018750
