0 0.780469 0.900781 0.054688 0.039062
0 0.682813 0.618750 0.040625 0.039062
0 0.207031 0.503125 0.096875 0.048438
0 0.325781 0.437500 0.046875 0.037500
0 0.225000 0.400781 0.053125 0.043750
0 0.166406 0.341406 0.056250 0.034375
0 0.504687 0.283594 0.056250 0.034375
0 0.565625 0.269531 0.059375 0.070312
0 0.617188 0.344531 0.065625 0.087500
0 0.296094 0.383594 0.087500 0.065625
0 0.229687 0.316406 0.071875 0.054688
0 0.317188 0.268750 0.062500 0.040625
0 0.417187 0.309375 0.100000 0.062500
0 0.564844 0.405469 0.078125 0.085938
