0 0.746094 0.279687 0.037500 0.026562
0 0.838281 0.488281 0.039062 0.021875
0 0.793750 0.625000 0.065625 0.034375
0 0.795312 0.588281 0.034375 0.040625
0 0.590625 0.533594 0.051562 0.029687
0 0.424219 0.304688 0.043750 0.028125
0 0.427344 0.390625 0.040625 0.028125
0 0.700000 0.312500 0.043750 0.028125
0 0.747656 0.353125 0.037500 0.028125
0 0.208594 0.579688 0.040625 0.025000
0 0.241406 0.690625 0.039062 0.029687
0 0.340625 0.759375 0.040625 0.037500
0 0.313281 0.712500 0.053125 0.034375
0 0.366406 0.303906 0.037500 0.028125
0 0.359375 0.398438 0.053125 0.034375
0 0.818750 0.285156 0.037500 0.028125
