0 0.321094 0.285156 0.079687 0.059375
0 0.772656 0.308594 0.071875 0.059375
0 0.189844 0.685937 0.070312 0.043750
0 0.600781 0.447656 0.059375 0.056250
0 0.828125 0.503125 0.125000 0.054688
0 0.771094 0.720313 0.070312 0.043750
0 0.751563 0.775781 0.056250 0.046875
0 0.692969 0.762500 0.064062 0.053125
0 0.407031 0.782813 0.076563 0.045312
0 0.649219 0.349219 0.084375 0.065625
0 0.448437 0.442188 0.068750 0.046875
0 0.607031 0.763281 0.057813 0.046875
0 0.529687 0.682031 0.068750 0.054688
0 0.694531 0.746875 0.254688 0.109375
0 0.567187 0.212500 0.070312 0.059375
0 0.771875 0.446875 0.068750 0.056250
