0 0.497656 0.276562 0.100000 0.071875
0 0.370312 0.082031 0.131250 0.096875
0 0.614844 0.142187 0.078125 0.067187
0 0.726562 0.140625 0.078125 0.062500
0 0.582031 0.460938 0.078125 0.076563
0 0.193750 0.556250 0.135937 0.071875
0 0.361719 0.488281 0.103125 0.109375
0 0.434375 0.833594 0.081250 0.054688
0 0.357031 0.605469 0.062500 0.050000
0 0.550000 0.672656 0.146875 0.070312
0 0.184375 0.385156 0.081250 0.107813
0 0.596094 0.559375 0.073438 0.043750
0 0.567187 0.860156 0.065625 0.050000
0 0.523438 0.801562 0.068750 0.059375
0 0.415625 0.374219 0.078125 0.071875
