0 0.414062 0.057031 0.046875 0.075000
0 0.204687 0.282813 0.042188 0.062500
0 0.124219 0.289062 0.051562 0.062500
0 0.080469 0.503125 0.039062 0.059375
0 0.185938 0.954688 0.071875 0.060937
0 0.166406 0.878906 0.037500 0.050000
0 0.324219 0.910937 0.060937 0.101562
0 0.467187 0.915625 0.062500 0.079687
0 0.725000 0.961719 0.065625 0.068750
0 0.776563 0.879687 0.043750 0.078125
0 0.497656 0.673438 0.053125 0.071875
0 0.464062 0.187500 0.039062 0.057813
0 0.253125 0.278125 0.032813 0.084375
0 0.320312 0.251563 0.039062 0.059375
0 0.307031 0.357812 0.034375 0.051562
0 0.149219 0.416406 0.104688 0.098437
0 0.171875 0.717187 0.040625 0.054688
0 0.209375 0.777344 0.037500 0.050000
0 0.557031 0.764062 0.039062 0.054688
0 0.480469 0.751563 0.035937 0.059375
0 0.651563 0.184375 0.034375 0.053125
0 0.250781 0.037500 0.042188 0.060937
0 0.171875 0.561719 0.050000 0.057813
0 0.486719 0.391406 0.040625 0.046875
0 0.360938 0.421875 0.040625 0.059375
0 0.649219 0.677344 0.040625 0.048438
0 0.262500 0.675000 0.034375 0.059375
0 0.245312 0.582031 0.040625 0.096875
0 0.446094 0.425000 0.034375 0.070312
0 0.053125 0.346094 0.043750 0.059375
0 0.082031 0.241406 0.039062 0.054688
