0 0.135156 0.078906 0.040625 0.065625
0 0.164062 0.177344 0.050000 0.082812
0 0.346094 0.285156 0.043750 0.062500
0 0.435937 0.388281 0.050000 0.064062
0 0.550000 0.434375 0.043750 0.062500
0 0.461719 0.560937 0.046875 0.042188
0 0.285938 0.672656 0.039062 0.056250
0 0.346875 0.617969 0.043750 0.101562
0 0.587500 0.855469 0.037500 0.062500
0 0.239063 0.952344 0.040625 0.060937
0 0.164844 0.366406 0.028125 0.042188
0 0.221875 0.299219 0.031250 0.078125
0 0.347656 0.371875 0.037500 0.056250
0 0.311719 0.392188 0.037500 0.078125
0 0.387500 0.792969 0.034375 0.062500
0 0.546094 0.663281 0.040625 0.048438
0 0.009375 0.506250 0.018750 0.068750
0 0.264844 0.596094 0.028125 0.043750
0 0.307812 0.600000 0.034375 0.065625
0 0.203125 0.453125 0.032813 0.043750
0 0.172656 0.434375 0.026562 0.048438
0 0.261719 0.457031 0.031250 0.059375
0 0.517188 0.142187 0.040625 0.075000
0 0.566406 0.225000 0.040625 0.073438
0 0.157812 0.811719 0.029687 0.046875
