0 0.706250 0.707031 0.089063 0.045312
0 0.754687 0.675000 0.056250 0.042188
0 0.960156 0.705469 0.079687 0.039062
0 0.561719 0.207031 0.071875 0.035937
0 0.646094 0.205469 0.040625 0.040625
0 0.587500 0.282813 0.050000 0.053125
0 0.475000 0.307812 0.089063 0.045312
0 0.450781 0.232813 0.079687 0.087500
0 0.371094 0.217188 0.075000 0.087500
0 0.282813 0.246875 0.064062 0.050000
0 0.290625 0.185938 0.071875 0.043750
0 0.167187 0.156250 0.184375 0.065625
0 0.111719 0.270313 0.050000 0.068750
0 0.427344 0.778125 0.096875 0.078125
0 0.343750 0.917188 0.090625 0.054688
0 0.214062 0.976562 0.109375 0.046875
0 0.223438 0.909375 0.107813 0.079687
0 0.113281 0.940625 0.131250 0.056250
0 0.107813 0.846094 0.096875 0.103125
0 0.446094 0.846094 0.087500 0.040625
0 0.418750 0.143750 0.082812 0.056250
0 0.310937 0.112500 0.146875 0.082812
