0 0.593750 0.625000 0.120313 0.078125
0 0.867969 0.782813 0.081250 0.054688
0 0.734375 0.175000 0.112500 0.100000
0 0.913281 0.463281 0.089063 0.067187
0 0.489844 0.518750 0.109375 0.084375
0 0.443750 0.442969 0.079687 0.068750
0 0.319531 0.535156 0.148438 0.150000
0 0.132812 0.359375 0.125000 0.081250
0 0.520312 0.341406 0.075000 0.059375
0 0.523438 0.417969 0.056250 0.046875
0 0.641406 0.510156 0.125000 0.056250
0 0.335938 0.317969 0.134375 0.112500
0 0.501563 0.274219 0.109375 0.068750
0 0.404687 0.233594 0.087500 0.046875
