0 0.751563 0.317969 0.046875 0.078125
0 0.309375 0.175781 0.050000 0.070312
0 0.305469 0.271094 0.042188 0.076563
0 0.171094 0.173437 0.050000 0.068750
0 0.079687 0.326562 0.084375 0.096875
0 0.143750 0.433594 0.065625 0.118750
0 0.091406 0.537500 0.065625 0.096875
0 0.132812 0.649219 0.046875 0.062500
0 0.136719 0.721875 0.065625 0.078125
0 0.180469 0.813281 0.050000 0.075000
0 0.308594 0.600781 0.056250 0.151562
0 0.273438 0.424219 0.042188 0.079687
0 0.051562 0.425781 0.050000 0.106250
0 0.331250 0.786719 0.056250 0.081250
0 0.260156 0.704688 0.065625 0.128125
0 0.267969 0.614062 0.040625 0.073438
0 0.219531 0.213281 0.040625 0.085938
0 0.228906 0.803906 0.046875 0.131250
0 0.274219 0.852344 0.046875 0.065625
0 0.342969 0.705469 0.042188 0.062500
0 0.282813 0.496875 0.081250 0.081250
0 0.247656 0.323437 0.040625 0.062500
0 0.203906 0.939063 0.068750 0.075000
0 0.433594 0.748437 0.056250 0.098437
