0 0.252344 0.223438 0.082812 0.087500
0 0.339844 0.570312 0.075000 0.073438
0 0.392188 0.621875 0.051562 0.059375
0 0.344531 0.663281 0.073438 0.089063
0 0.719531 0.615625 0.051562 0.064062
0 0.522656 0.610156 0.065625 0.098437
0 0.590625 0.696094 0.057813 0.057813
0 0.632031 0.789062 0.067187 0.092188
0 0.245312 0.807813 0.060937 0.075000
0 0.145313 0.787500 0.040625 0.064062
0 0.114062 0.498437 0.081250 0.153125
0 0.271875 0.509375 0.064062 0.095312
0 0.378906 0.485156 0.050000 0.089063
0 0.420312 0.261719 0.090625 0.150000
0 0.239844 0.330469 0.050000 0.076563
0 0.413281 0.805469 0.056250 0.106250
0 0.460156 0.683594 0.039062 0.065625
0 0.505469 0.836719 0.057813 0.110937
0 0.525000 0.935937 0.068750 0.067187
0 0.216406 0.691406 0.039062 0.064062
0 0.722656 0.942969 0.040625 0.059375
