0 0.243750 0.437500 0.065625 0.059375
0 0.190625 0.359375 0.050000 0.040625
0 0.409375 0.326562 0.065625 0.045312
0 0.392969 0.228906 0.068750 0.050000
0 0.499219 0.297656 0.068750 0.087500
0 0.510156 0.444531 0.081250 0.046875
0 0.802344 0.197656 0.056250 0.042188
0 0.681250 0.310937 0.062500 0.081250
0 0.615625 0.384375 0.112500 0.081250
0 0.664062 0.436719 0.053125 0.040625
0 0.280469 0.547656 0.075000 0.046875
0 0.314844 0.411719 0.075000 0.053125
0 0.525781 0.395313 0.048438 0.034375
0 0.292969 0.609375 0.081250 0.059375
0 0.467969 0.517188 0.118750 0.075000
0 0.596875 0.553906 0.103125 0.092188
0 0.430469 0.683594 0.078125 0.075000
0 0.780469 0.301563 0.093750 0.051562
0 0.665625 0.484375 0.131250 0.046875
0 0.475000 0.630469 0.054688 0.034375
0 0.335156 0.692187 0.068750 0.042188
