0 0.468750 0.314063 0.059375 0.032813
0 0.382812 0.346875 0.075000 0.031250
0 0.384375 0.509375 0.040625 0.026562
0 0.705469 0.775781 0.156250 0.037500
0 0.657813 0.196875 0.100000 0.034375
0 0.815625 0.177344 0.159375 0.059375
0 0.640625 0.264062 0.059375 0.031250
0 0.727344 0.224219 0.037500 0.025000
0 0.543750 0.224219 0.100000 0.031250
0 0.671875 0.485156 0.050000 0.023438
0 0.487500 0.596875 0.046875 0.026562
0 0.370312 0.446875 0.037500 0.040625
0 0.322656 0.479687 0.046875 0.029687
0 0.630469 0.723437 0.059375 0.032813
