0 0.487500 0.208594 0.048438 0.076563
0 0.570312 0.227344 0.046875 0.121875
0 0.587500 0.400781 0.050000 0.079687
0 0.625781 0.204687 0.046875 0.073438
0 0.635938 0.278906 0.059375 0.076563
0 0.406250 0.142969 0.082812 0.107813
0 0.470313 0.682031 0.056250 0.065625
0 0.725000 0.122656 0.035937 0.054688
0 0.745313 0.389062 0.043750 0.075000
0 0.792188 0.450000 0.048438 0.076563
0 0.786719 0.368750 0.042188 0.078125
0 0.936719 0.361719 0.042188 0.067187
0 0.815625 0.682031 0.037500 0.065625
0 0.646094 0.797656 0.093750 0.082812
0 0.569531 0.903125 0.054688 0.057813
0 0.200000 0.567187 0.056250 0.085938
0 0.910937 0.733594 0.034375 0.059375
0 0.864062 0.379688 0.059375 0.106250
0 0.851562 0.878125 0.045312 0.071875
0 0.266406 0.158594 0.029687 0.046875
0 0.960156 0.785937 0.043750 0.075000
