0 0.807031 0.227344 0.087500 0.059375
0 0.810937 0.337500 0.164062 0.101562
0 0.828125 0.437500 0.079687 0.059375
0 0.727344 0.459375 0.075000 0.078125
0 0.621094 0.525781 0.120313 0.081250
0 0.579688 0.338281 0.134375 0.078125
0 0.539062 0.249219 0.089063 0.068750
0 0.477344 0.134375 0.095312 0.125000
0 0.594531 0.435156 0.078125 0.059375
0 0.680469 0.397656 0.078125 0.071875
0 0.487500 0.706250 0.109375 0.082812
0 0.375000 0.894531 0.118750 0.071875
0 0.717187 0.887500 0.104688 0.132812
0 0.714844 0.724219 0.125000 0.071875
0 0.746875 0.603906 0.093750 0.073438
0 0.710938 0.146094 0.159375 0.154688
0 0.608594 0.028125 0.154688 0.056250
0 0.320312 0.025781 0.109375 0.051562
0 0.128125 0.414844 0.103125 0.084375
0 0.379688 0.471094 0.067187 0.056250
0 0.278906 0.525000 0.093750 0.054688
0 0.384375 0.671094 0.075000 0.053125
0 0.518750 0.432031 0.059375 0.062500
0 0.818750 0.500000 0.062500 0.046875
0 0.466406 0.389844 0.059375 0.081250
0 0.528125 0.928906 0.140625 0.070312
0 0.628906 0.824219 0.096875 0.081250
0 0.456250 0.292187 0.068750 0.043750
