0 0.340625 0.471094 0.081250 0.096875
0 0.673438 0.386719 0.073438 0.098437
0 0.504687 0.344531 0.101562 0.145313
0 0.514062 0.535937 0.078125 0.067187
0 0.532813 0.691406 0.101562 0.148438
0 0.383594 0.724219 0.062500 0.082812
0 0.275000 0.689844 0.093750 0.106250
0 0.455469 0.849219 0.059375 0.079687
0 0.534375 0.850781 0.096875 0.073438
0 0.730469 0.673438 0.098437 0.101562
0 0.790625 0.396094 0.070312 0.114062
0 0.267969 0.530469 0.100000 0.179688
0 0.725000 0.038281 0.087500 0.076563
0 0.761719 0.289844 0.050000 0.070312
0 0.722656 0.773438 0.048438 0.054688
0 0.821094 0.881250 0.064062 0.081250
0 0.420312 0.406250 0.071875 0.104688
