0 0.630469 0.035156 0.112500 0.070312
0 0.957031 0.388281 0.056250 0.043750
0 0.898438 0.410156 0.050000 0.040625
0 0.653125 0.760156 0.078125 0.056250
0 0.464844 0.578906 0.081250 0.098437
0 0.490625 0.607812 0.175000 0.175000
0 0.564063 0.804688 0.059375 0.046875
0 0.285938 0.724219 0.081250 0.060937
0 0.328125 0.371094 0.075000 0.068750
0 0.519531 0.154688 0.134375 0.115625
0 0.467187 0.319531 0.093750 0.062500
0 0.886719 0.733594 0.131250 0.140625
0 0.891406 0.576562 0.217188 0.137500
0 0.186719 0.421094 0.168750 0.109375
0 0.393750 0.808594 0.095312 0.053125
0 0.289844 0.814844 0.085938 0.078125
0 0.558594 0.904687 0.081250 0.054688
