0 0.522656 0.362500 0.023438 0.095312
0 0.557813 0.361719 0.031250 0.084375
0 0.585938 0.406250 0.040625 0.037500
0 0.621875 0.303125 0.029687 0.067187
0 0.439844 0.111719 0.043750 0.060937
0 0.371094 0.174219 0.028125 0.032813
0 0.286719 0.316406 0.053125 0.056250
0 0.346875 0.753906 0.048438 0.048438
0 0.209375 0.761719 0.045312 0.048438
0 0.158594 0.831250 0.048438 0.062500
0 0.224219 0.698438 0.053125 0.073438
0 0.107031 0.668750 0.039062 0.054688
0 0.233594 0.539062 0.039062 0.076563
0 0.657031 0.760156 0.070312 0.090625
0 0.669531 0.669531 0.032813 0.043750
0 0.568750 0.705469 0.034375 0.048438
0 0.596875 0.680469 0.037500 0.051562
0 0.502344 0.652344 0.067187 0.068750
0 0.354687 0.589063 0.060937 0.070312
0 0.410938 0.327344 0.031250 0.045312
0 0.499219 0.133594 0.040625 0.060937
0 0.560156 0.022656 0.056250 0.045312
0 0.753906 0.324219 0.071875 0.092188
0 0.757812 0.843750 0.046875 0.075000
0 0.853906 0.674219 0.046875 0.051562
0 0.881250 0.617969 0.035937 0.062500
0 0.228125 0.374219 0.048438 0.054688
0 0.225781 0.312500 0.043750 0.054688
0 0.035156 0.459375 0.037500 0.048438
0 0.610938 0.436719 0.026562 0.031250
0 0.428125 0.654687 0.043750 0.059375
0 0.430469 0.845313 0.034375 0.045312
0 0.282031 0.953125 0.039062 0.071875
0 0.721875 0.727344 0.039062 0.060937
0 0.525781 0.294531 0.026562 0.054688
0 0.356250 0.210938 0.034375 0.045312
0 0.702344 0.039844 0.040625 0.071875
0 0.528906 0.898438 0.039062 0.065625
0 0.330469 0.502344 0.042188 0.065625
0 0.319531 0.655469 0.035937 0.059375
0 0.501563 0.492188 0.023438 0.042188
0 0.285938 0.370312 0.046875 0.043750
0 0.346094 0.369531 0.031250 0.056250
