0 0.195312 0.416406 0.095312 0.150000
0 0.071875 0.476562 0.117188 0.296875
0 0.565625 0.527344 0.184375 0.265625
0 0.399219 0.349219 0.123438 0.212500
0 0.279687 0.441406 0.068750 0.090625
0 0.216406 0.544531 0.068750 0.093750
0 0.504687 0.875781 0.090625 0.150000
0 0.399219 0.770312 0.081250 0.173437
0 0.344531 0.928125 0.089063 0.143750
0 0.770312 0.361719 0.076563 0.173437
0 0.895312 0.171875 0.150000 0.290625
0 0.753125 0.060937 0.076563 0.121875
0 0.667188 0.140625 0.098437 0.171875
0 0.567969 0.287500 0.075000 0.221875
0 0.364063 0.138281 0.184375 0.182812
0 0.613281 0.737500 0.082812 0.125000
0 0.439063 0.470313 0.059375 0.134375
