0 0.841406 0.978125 0.042188 0.037500
0 0.132812 0.828906 0.050000 0.050000
0 0.847656 0.753125 0.043750 0.060937
0 0.925000 0.911719 0.056250 0.051562
0 0.427344 0.677344 0.053125 0.062500
0 0.600000 0.723437 0.085938 0.050000
0 0.730469 0.905469 0.050000 0.046875
0 0.653125 0.917188 0.057813 0.079687
0 0.699219 0.728906 0.056250 0.056250
0 0.816406 0.832031 0.054688 0.042188
0 0.452344 0.977344 0.053125 0.037500
0 0.470313 0.935937 0.059375 0.043750
0 0.500781 0.896094 0.050000 0.043750
0 0.683594 0.642188 0.050000 0.053125
0 0.750781 0.759375 0.037500 0.031250
0 0.727344 0.779687 0.034375 0.042188
0 0.642188 0.769531 0.046875 0.053125
