0 0.442188 0.868750 0.075000 0.046875
0 0.361719 0.359375 0.056250 0.031250
0 0.595313 0.482031 0.075000 0.051562
0 0.804688 0.569531 0.100000 0.062500
0 0.755469 0.325000 0.103125 0.067187
0 0.700000 0.025781 0.084375 0.051562
0 0.720313 0.128906 0.112500 0.046875
0 0.742969 0.261719 0.100000 0.060937
0 0.862500 0.250000 0.084375 0.056250
0 0.099219 0.632812 0.082812 0.060937
0 0.453125 0.446094 0.051562 0.031250
0 0.865625 0.926562 0.046875 0.032813
0 0.802344 0.882812 0.053125 0.031250
0 0.591406 0.587500 0.090625 0.057813
0 0.714844 0.751563 0.060937 0.034375
0 0.707031 0.574219 0.060937 0.031250
0 0.352344 0.897656 0.064062 0.037500
0 0.781250 0.167969 0.056250 0.037500
