0 0.107031 0.828906 0.075000 0.085938
0 0.530469 0.642188 0.062500 0.090625
0 0.532031 0.098437 0.087500 0.110937
0 0.592187 0.254688 0.059375 0.117188
0 0.623437 0.536719 0.059375 0.079687
0 0.321094 0.560156 0.075000 0.087500
0 0.413281 0.619531 0.100000 0.100000
0 0.379688 0.791406 0.068750 0.103125
0 0.192188 0.724219 0.090625 0.093750
0 0.388281 0.964844 0.106250 0.070312
0 0.604688 0.923438 0.098437 0.096875
0 0.660156 0.656250 0.070312 0.100000
0 0.298438 0.892188 0.110937 0.103125
0 0.736719 0.961719 0.081250 0.076563
0 0.692969 0.752344 0.059375 0.100000
