0 0.253906 0.800000 0.050000 0.075000
0 0.656250 0.139063 0.043750 0.015625
0 0.598437 0.162500 0.028125 0.018750
0 0.619531 0.202344 0.028125 0.018750
0 0.597656 0.214062 0.028125 0.018750
0 0.742188 0.210938 0.031250 0.015625
0 0.769531 0.205469 0.021875 0.015625
0 0.763281 0.233594 0.025000 0.018750
0 0.766406 0.262500 0.021875 0.028125
0 0.539844 0.196875 0.025000 0.015625
0 0.408594 0.242969 0.026562 0.026562
0 0.361719 0.282031 0.034375 0.018750
0 0.588281 0.267188 0.043750 0.020313
0 0.535156 0.287500 0.025000 0.020313
0 0.511719 0.269531 0.042188 0.025000
0 0.557031 0.221094 0.040625 0.031250
0 0.514062 0.230469 0.031250 0.028125
0 0.417187 0.293750 0.048438 0.040625
0 0.458594 0.290625 0.034375 0.031250
0 0.448437 0.264844 0.056250 0.021875
0 0.411719 0.366406 0.054688 0.026562
0 0.358594 0.346875 0.026562 0.037500
0 0.365625 0.418750 0.048438 0.023438
0 0.435937 0.436719 0.031250 0.018750
0 0.394531 0.391406 0.026562 0.028125
0 0.441406 0.384375 0.021875 0.021875
0 0.738281 0.185156 0.029687 0.014063
0 0.714844 0.196875 0.031250 0.015625
0 0.554688 0.258594 0.031250 0.017188
0 0.704688 0.224219 0.043750 0.015625
0 0.833594 0.301563 0.015625 0.021875
