0 0.157812 0.710938 0.060937 0.043750
0 0.241406 0.713281 0.081250 0.031250
0 0.175000 0.516406 0.075000 0.043750
0 0.549219 0.682031 0.073438 0.046875
0 0.467969 0.614844 0.084375 0.046875
0 0.336719 0.339844 0.112500 0.037500
0 0.473438 0.345313 0.078125 0.039062
0 0.675781 0.297656 0.093750 0.043750
0 0.776563 0.142969 0.085938 0.040625
0 0.847656 0.317969 0.056250 0.046875
0 0.765625 0.571094 0.060937 0.040625
0 0.705469 0.532813 0.068750 0.037500
0 0.807031 0.589844 0.059375 0.039062
0 0.781250 0.738281 0.060937 0.031250
0 0.288281 0.685937 0.065625 0.028125
0 0.562500 0.089844 0.067187 0.034375
0 0.694531 0.239063 0.100000 0.043750
