0 0.727344 0.657031 0.040625 0.034375
0 0.786719 0.671094 0.043750 0.067187
0 0.704688 0.340625 0.050000 0.042188
0 0.471875 0.560156 0.048438 0.034375
0 0.708594 0.174219 0.115625 0.084375
0 0.649219 0.432812 0.062500 0.053125
0 0.874219 0.571875 0.067187 0.068750
0 0.893750 0.382031 0.100000 0.071875
0 0.752344 0.558594 0.118750 0.090625
0 0.745313 0.470313 0.060937 0.037500
0 0.466406 0.696094 0.043750 0.043750
0 0.478906 0.650781 0.043750 0.031250
0 0.616406 0.729688 0.067187 0.054688
0 0.785156 0.394531 0.093750 0.079687
0 0.560937 0.389844 0.071875 0.075000
0 0.582031 0.279687 0.042188 0.037500
0 0.567187 0.685156 0.043750 0.034375
