0 0.294531 0.358594 0.057813 0.056250
0 0.461719 0.445312 0.084375 0.081250
0 0.439844 0.618750 0.054688 0.056250
0 0.138281 0.442188 0.053125 0.050000
0 0.106250 0.373437 0.053125 0.045312
0 0.265625 0.136719 0.109375 0.059375
0 0.439844 0.125000 0.048438 0.056250
0 0.771875 0.839063 0.037500 0.043750
0 0.859375 0.855469 0.035937 0.039062
0 0.799219 0.662500 0.037500 0.040625
0 0.855469 0.544531 0.078125 0.087500
0 0.869531 0.777344 0.053125 0.062500
0 0.664844 0.475000 0.062500 0.065625
0 0.634375 0.416406 0.043750 0.048438
0 0.196094 0.684375 0.062500 0.053125
0 0.157031 0.775000 0.062500 0.048438
0 0.128906 0.549219 0.053125 0.050000
0 0.133594 0.597656 0.057813 0.042188
0 0.188281 0.548438 0.050000 0.042188
0 0.090625 0.218750 0.046875 0.046875
0 0.389844 0.377344 0.046875 0.040625
0 0.367188 0.228125 0.062500 0.046875
0 0.464844 0.203125 0.067187 0.042188
0 0.157812 0.570312 0.131250 0.114062
0 0.278125 0.360156 0.123438 0.121875
0 0.716406 0.321094 0.096875 0.134375
