0 0.313281 0.200781 0.043750 0.060937
0 0.435937 0.528906 0.042188 0.051562
0 0.598437 0.484375 0.035937 0.056250
0 0.712500 0.769531 0.050000 0.085938
0 0.863281 0.811719 0.034375 0.048438
0 0.768750 0.803906 0.035937 0.053125
0 0.617969 0.678125 0.040625 0.057813
0 0.495312 0.651563 0.070312 0.117188
0 0.493750 0.467969 0.040625 0.065625
0 0.257812 0.343750 0.067187 0.089063
0 0.341406 0.496094 0.064062 0.075000
0 0.432812 0.454688 0.040625 0.062500
0 0.565625 0.634375 0.050000 0.164062
0 0.161719 0.807031 0.048438 0.070312
0 0.321875 0.410938 0.043750 0.060937
0 0.467187 0.128906 0.026562 0.045312
0 0.636719 0.587500 0.034375 0.045312
