0 0.157812 0.157031 0.037500 0.065625
0 0.166406 0.301563 0.046875 0.067187
0 0.294531 0.260937 0.031250 0.070312
0 0.344531 0.206250 0.040625 0.053125
0 0.515625 0.060156 0.039062 0.050000
0 0.821875 0.221875 0.046875 0.059375
0 0.786719 0.340625 0.037500 0.054688
0 0.844531 0.101562 0.031250 0.073438
0 0.835938 0.313281 0.031250 0.046875
0 0.726562 0.133594 0.031250 0.050000
0 0.623437 0.358594 0.031250 0.065625
0 0.470313 0.455469 0.029687 0.045312
0 0.367969 0.621875 0.040625 0.075000
0 0.310156 0.624219 0.031250 0.053125
0 0.446875 0.917969 0.062500 0.076563
0 0.586719 0.893750 0.037500 0.081250
0 0.689063 0.806250 0.040625 0.090625
0 0.667969 0.659375 0.037500 0.059375
0 0.715625 0.647656 0.039062 0.067187
0 0.762500 0.489844 0.035937 0.059375
0 0.307812 0.560156 0.028125 0.037500
0 0.170313 0.502344 0.034375 0.071875
0 0.718750 0.564063 0.037500 0.059375
0 0.581250 0.749219 0.028125 0.048438
0 0.382812 0.916406 0.029687 0.089063
0 0.808594 0.500781 0.028125 0.050000
0 0.535156 0.803125 0.032813 0.046875
0 0.301563 0.806250 0.031250 0.048438
0 0.251563 0.251563 0.037500 0.059375
0 0.212500 0.402344 0.028125 0.040625
0 0.715625 0.408594 0.053125 0.053125
