0 0.146875 0.520312 0.046875 0.073438
0 0.212500 0.530469 0.046875 0.084375
0 0.194531 0.404687 0.042188 0.062500
0 0.214844 0.459375 0.021875 0.032813
0 0.325000 0.574219 0.045312 0.056250
0 0.352344 0.691406 0.039062 0.064062
0 0.735938 0.714844 0.043750 0.068750
0 0.488281 0.797656 0.034375 0.046875
0 0.525781 0.778906 0.020313 0.035937
0 0.459375 0.278906 0.026562 0.043750
0 0.614844 0.396875 0.034375 0.065625
0 0.664844 0.424219 0.045312 0.050000
0 0.287500 0.043750 0.029687 0.048438
0 0.096094 0.467187 0.029687 0.048438
0 0.121875 0.282031 0.037500 0.043750
0 0.183594 0.309375 0.028125 0.043750
0 0.135937 0.824219 0.023438 0.037500
0 0.308594 0.646875 0.039062 0.046875
0 0.385156 0.642969 0.060937 0.048438
0 0.310937 0.851562 0.026562 0.042188
0 0.659375 0.596875 0.040625 0.093750
0 0.560937 0.646875 0.023438 0.039062
0 0.751563 0.525000 0.023438 0.051562
0 0.389062 0.268750 0.028125 0.035937
0 0.235937 0.017188 0.048438 0.034375
0 0.380469 0.014063 0.028125 0.028125
0 0.348438 0.074219 0.031250 0.046875
0 0.570312 0.375781 0.023438 0.043750
0 0.726562 0.853906 0.028125 0.053125
0 0.578125 0.301563 0.023438 0.037500
