0 0.155469 0.171094 0.093750 0.060937
0 0.195312 0.272656 0.112500 0.067187
0 0.050781 0.183594 0.087500 0.089063
0 0.800000 0.701562 0.081250 0.056250
0 0.597656 0.796875 0.067187 0.043750
0 0.528125 0.671875 0.062500 0.042188
0 0.573438 0.554688 0.068750 0.042188
0 0.303906 0.782031 0.062500 0.043750
0 0.389062 0.743750 0.075000 0.046875
0 0.571094 0.757812 0.081250 0.050000
0 0.842969 0.963281 0.078125 0.056250
0 0.451562 0.891406 0.071875 0.040625
0 0.379688 0.908594 0.062500 0.065625
0 0.528125 0.976562 0.131250 0.046875
