0 0.423438 0.278906 0.106250 0.059375
0 0.747656 0.439063 0.095312 0.059375
0 0.073438 0.782813 0.103125 0.065625
0 0.182031 0.500781 0.089063 0.050000
0 0.266406 0.564063 0.087500 0.050000
0 0.441406 0.564844 0.103125 0.045312
0 0.694531 0.525781 0.098437 0.046875
0 0.479687 0.448437 0.096875 0.046875
0 0.329688 0.453125 0.128125 0.065625
0 0.582031 0.594531 0.070312 0.056250
0 0.593750 0.487500 0.115625 0.082812
0 0.053125 0.386719 0.068750 0.050000
0 0.028125 0.534375 0.056250 0.043750
0 0.391406 0.630469 0.059375 0.035937
