0 0.212500 0.349219 0.103125 0.050000
0 0.564063 0.314063 0.059375 0.034375
0 0.475781 0.351562 0.087500 0.046875
0 0.422656 0.422656 0.071875 0.035937
0 0.350000 0.449219 0.090625 0.050000
0 0.274219 0.671875 0.168750 0.068750
0 0.171875 0.582031 0.125000 0.043750
0 0.542188 0.636719 0.082812 0.037500
0 0.616406 0.542969 0.065625 0.060937
0 0.487500 0.460156 0.059375 0.034375
0 0.218750 0.472656 0.062500 0.032813
0 0.553125 0.543750 0.050000 0.037500
0 0.416406 0.582812 0.118750 0.051562
0 0.425000 0.625000 0.064062 0.025000
