0 0.075781 0.457031 0.026562 0.054688
0 0.131250 0.465625 0.029687 0.059375
0 0.229687 0.494531 0.053125 0.085938
0 0.185156 0.620313 0.046875 0.082812
0 0.165625 0.594531 0.089063 0.128125
0 0.194531 0.715625 0.028125 0.045312
0 0.348438 0.707031 0.026562 0.037500
0 0.267969 0.549219 0.029687 0.037500
0 0.482812 0.422656 0.075000 0.054688
0 0.362500 0.382812 0.035937 0.043750
0 0.076563 0.817969 0.023438 0.039062
0 0.425781 0.980469 0.031250 0.039062
0 0.346875 0.027344 0.039062 0.054688
0 0.300000 0.975000 0.031250 0.050000
0 0.289062 0.864844 0.050000 0.050000
0 0.235937 0.779687 0.037500 0.079687
0 0.148438 0.894531 0.046875 0.068750
0 0.170313 0.420312 0.040625 0.067187
0 0.457813 0.263281 0.037500 0.048438
