0 0.011719 0.239844 0.023438 0.059375
0 0.102344 0.294531 0.025000 0.039062
0 0.163281 0.321875 0.025000 0.046875
0 0.080469 0.246094 0.023438 0.037500
0 0.340625 0.025000 0.043750 0.050000
0 0.170313 0.504687 0.035937 0.048438
0 0.232031 0.435156 0.042188 0.068750
0 0.201563 0.384375 0.031250 0.062500
0 0.397656 0.379688 0.032813 0.085938
0 0.525781 0.329688 0.035937 0.060937
0 0.588281 0.318750 0.026562 0.046875
0 0.559375 0.301563 0.034375 0.070312
0 0.481250 0.350000 0.045312 0.073438
0 0.512500 0.585938 0.046875 0.065625
0 0.635156 0.645312 0.043750 0.059375
0 0.639844 0.585156 0.059375 0.051562
0 0.379688 0.617188 0.026562 0.050000
0 0.573438 0.745313 0.035937 0.059375
0 0.439063 0.211719 0.031250 0.053125
0 0.394531 0.075781 0.028125 0.051562
0 0.480469 0.112500 0.040625 0.046875
0 0.532813 0.035937 0.032813 0.054688
0 0.577344 0.026562 0.031250 0.042188
0 0.585156 0.092969 0.035937 0.057813
0 0.682813 0.032813 0.046875 0.065625
0 0.489063 0.465625 0.031250 0.042188
0 0.343750 0.710156 0.034375 0.064062
0 0.292187 0.661719 0.028125 0.050000
0 0.210156 0.559375 0.039062 0.043750
0 0.357031 0.414844 0.046875 0.117188
0 0.629687 0.829688 0.037500 0.039062
0 0.770312 0.627344 0.042188 0.104688
0 0.787500 0.785156 0.032813 0.053125
0 0.865625 0.671875 0.057813 0.098437
0 0.902344 0.789844 0.025000 0.051562
0 0.712500 0.882812 0.035937 0.076563
0 0.626563 0.900000 0.042188 0.060937
0 0.693750 0.967969 0.054688 0.064062
0 0.696094 0.721094 0.037500 0.051562
0 0.702344 0.377344 0.053125 0.054688
0 0.705469 0.319531 0.035937 0.057813
0 0.670312 0.191406 0.040625 0.057813
0 0.621094 0.139844 0.031250 0.050000
0 0.230469 0.168750 0.042188 0.059375
0 0.030469 0.443750 0.032813 0.045312
0 0.081250 0.527344 0.046875 0.056250
0 0.249219 0.787500 0.032813 0.053125
0 0.675000 0.900781 0.046875 0.075000
0 0.860156 0.972656 0.029687 0.054688
0 0.772656 0.518750 0.023438 0.037500
0 0.746875 0.475781 0.023438 0.035937
0 0.500781 0.670312 0.034375 0.070312
0 0.418750 0.636719 0.037500 0.035937
0 0.435156 0.578906 0.043750 0.060937
0 0.883594 0.310156 0.018750 0.031250
0 0.868750 0.268750 0.023438 0.037500
0 0.309375 0.317969 0.040625 0.045312
0 0.428906 0.700000 0.073438 0.078125
0 0.559375 0.857812 0.035937 0.040625
0 0.450781 0.070312 0.026562 0.035937
0 0.478125 0.067187 0.023438 0.031250
0 0.227344 0.290625 0.059375 0.084375
0 0.291406 0.579688 0.045312 0.043750
0 0.219531 0.688281 0.040625 0.073438
0 0.401562 0.792969 0.026562 0.034375
0 0.479687 0.823438 0.053125 0.039062
0 0.088281 0.855469 0.020313 0.040625
0 0.567969 0.142969 0.026562 0.031250
0 0.296094 0.092969 0.020313 0.035937
0 0.182812 0.060156 0.040625 0.056250
0 0.083594 0.329688 0.029687 0.043750
