0 0.747656 0.701562 0.103125 0.056250
0 0.839063 0.300000 0.143750 0.145313
0 0.637500 0.220312 0.217188 0.098437
0 0.437500 0.185156 0.125000 0.089063
0 0.046875 0.600781 0.093750 0.070312
0 0.214844 0.565625 0.126562 0.120313
0 0.391406 0.310156 0.150000 0.079687
0 0.739062 0.506250 0.140625 0.106250
0 0.858594 0.425000 0.103125 0.056250
0 0.579688 0.468750 0.100000 0.084375
0 0.566406 0.392188 0.259375 0.078125
0 0.812500 0.623437 0.225000 0.100000
0 0.909375 0.538281 0.137500 0.087500
0 0.529687 0.296094 0.112500 0.065625
