0 0.349219 0.787500 0.051562 0.103125
0 0.314063 0.435937 0.032813 0.059375
0 0.351562 0.524219 0.046875 0.089063
0 0.422656 0.577344 0.035937 0.073438
0 0.449219 0.650000 0.050000 0.090625
0 0.671875 0.725781 0.068750 0.168750
0 0.582031 0.828125 0.043750 0.126562
0 0.636719 0.457813 0.037500 0.082812
0 0.542969 0.383594 0.060937 0.067187
0 0.460156 0.512500 0.035937 0.060937
0 0.472656 0.781250 0.032813 0.062500
0 0.543750 0.446875 0.039062 0.050000
0 0.582812 0.583594 0.051562 0.118750
0 0.625000 0.575000 0.026562 0.064062
