0 0.406250 0.735938 0.092188 0.109375
0 0.516406 0.881250 0.081250 0.045312
0 0.625000 0.832812 0.096875 0.070312
0 0.702344 0.956250 0.068750 0.048438
0 0.721875 0.854688 0.087500 0.065625
0 0.888281 0.817969 0.203125 0.132812
0 0.574219 0.601562 0.093750 0.078125
0 0.551562 0.392188 0.093750 0.096875
0 0.407813 0.321094 0.134375 0.125000
0 0.061719 0.478125 0.087500 0.060937
0 0.721094 0.471875 0.165625 0.087500
0 0.821094 0.425000 0.090625 0.046875
0 0.909375 0.261719 0.096875 0.120313
0 0.806250 0.203906 0.071875 0.040625
0 0.619531 0.196094 0.114062 0.093750
0 0.326562 0.540625 0.079687 0.090625
0 0.939844 0.714063 0.071875 0.056250
0 0.423438 0.191406 0.112500 0.065625
