0 0.516406 0.243750 0.085938 0.126562
0 0.394531 0.455469 0.040625 0.073438
0 0.446094 0.411719 0.045312 0.100000
0 0.498437 0.383594 0.054688 0.137500
0 0.544531 0.476562 0.054688 0.071875
0 0.926562 0.312500 0.067187 0.109375
0 0.426563 0.820312 0.046875 0.068750
0 0.371875 0.688281 0.065625 0.109375
0 0.297656 0.450781 0.039062 0.081250
0 0.337500 0.409375 0.042188 0.065625
0 0.517969 0.653125 0.062500 0.062500
0 0.485938 0.531250 0.043750 0.053125
0 0.846875 0.376563 0.053125 0.059375
0 0.717187 0.306250 0.039062 0.100000
0 0.645312 0.268750 0.039062 0.062500
0 0.921875 0.598437 0.042188 0.054688
0 0.823438 0.801562 0.040625 0.070312
0 0.740625 0.890625 0.039062 0.067187
0 0.596094 0.552344 0.035937 0.068750
0 0.557031 0.159375 0.048438 0.067187
0 0.139063 0.780469 0.032813 0.050000
0 0.637500 0.479687 0.035937 0.064062
0 0.835938 0.482031 0.039062 0.062500
