0 0.672656 0.500781 0.065625 0.053125
0 0.755469 0.383594 0.081250 0.062500
0 0.796094 0.471094 0.081250 0.054688
0 0.878906 0.418750 0.060937 0.059375
0 0.671875 0.205469 0.109375 0.070312
0 0.690625 0.113281 0.075000 0.062500
0 0.784375 0.114844 0.096875 0.056250
0 0.814063 0.197656 0.134375 0.070312
0 0.131250 0.864844 0.079687 0.053125
0 0.083594 0.707812 0.068750 0.051562
0 0.026562 0.879687 0.053125 0.071875
0 0.132031 0.772656 0.056250 0.071875
0 0.217969 0.836719 0.065625 0.048438
0 0.553906 0.613281 0.137500 0.085938
0 0.660156 0.418750 0.068750 0.065625
0 0.192969 0.055469 0.062500 0.040625
