0 0.235937 0.553906 0.081250 0.037500
0 0.178125 0.490625 0.059375 0.059375
0 0.267188 0.451562 0.060937 0.039062
0 0.456250 0.550000 0.043750 0.029687
0 0.419531 0.484375 0.050000 0.040625
0 0.237500 0.383594 0.046875 0.023438
0 0.327344 0.428906 0.054688 0.040625
0 0.289062 0.397656 0.046875 0.021875
0 0.101562 0.664844 0.037500 0.040625
0 0.104688 0.560937 0.059375 0.039062
0 0.523438 0.578906 0.059375 0.045312
0 0.578125 0.428125 0.068750 0.040625
0 0.435156 0.435156 0.043750 0.029687
0 0.370312 0.571094 0.056250 0.037500
0 0.434375 0.614844 0.053125 0.037500
0 0.362500 0.614844 0.062500 0.032813
0 0.525000 0.531250 0.043750 0.028125
