0 0.404687 0.053906 0.035937 0.048438
0 0.479687 0.152344 0.035937 0.059375
0 0.437500 0.199219 0.029687 0.045312
0 0.394531 0.296094 0.029687 0.043750
0 0.436719 0.353125 0.042188 0.075000
0 0.572656 0.435156 0.056250 0.071875
0 0.741406 0.271094 0.045312 0.060937
0 0.720313 0.210156 0.035937 0.053125
0 0.867188 0.218750 0.039062 0.054688
0 0.928906 0.185938 0.034375 0.057813
0 0.969531 0.374219 0.023438 0.062500
0 0.885938 0.415625 0.054688 0.087500
0 0.789062 0.336719 0.034375 0.057813
0 0.842187 0.125000 0.020313 0.039062
0 0.703906 0.822656 0.043750 0.054688
0 0.725781 0.925000 0.043750 0.053125
0 0.839844 0.820312 0.029687 0.043750
0 0.939844 0.884375 0.040625 0.056250
0 0.882031 0.945312 0.045312 0.046875
0 0.919531 0.640625 0.046875 0.084375
0 0.792188 0.592187 0.031250 0.067187
0 0.788281 0.671094 0.026562 0.045312
0 0.767188 0.689063 0.028125 0.050000
0 0.762500 0.738281 0.029687 0.051562
0 0.708594 0.747656 0.028125 0.042188
0 0.853125 0.575781 0.025000 0.042188
0 0.839063 0.885938 0.043750 0.056250
0 0.881250 0.846875 0.037500 0.057813
