0 0.275000 0.764062 0.056250 0.035937
0 0.102344 0.675781 0.048438 0.032813
0 0.092969 0.732031 0.050000 0.034375
0 0.304688 0.712500 0.076563 0.025000
0 0.386719 0.650781 0.048438 0.031250
0 0.625000 0.587500 0.056250 0.028125
0 0.685156 0.687500 0.075000 0.032813
0 0.817969 0.379688 0.056250 0.037500
0 0.925000 0.464062 0.075000 0.031250
0 0.943750 0.673438 0.103125 0.034375
0 0.907031 0.707031 0.056250 0.043750
0 0.786719 0.844531 0.051562 0.034375
0 0.740625 0.662500 0.056250 0.031250
0 0.439063 0.796875 0.056250 0.034375
0 0.297656 0.789844 0.046875 0.032813
0 0.115625 0.622656 0.065625 0.045312
0 0.207031 0.522656 0.060937 0.040625
0 0.716406 0.090625 0.068750 0.035937
0 0.792969 0.239063 0.056250 0.034375
0 0.753125 0.493750 0.100000 0.059375
0 0.607812 0.364844 0.084375 0.045312
0 0.742188 0.389062 0.079687 0.046875
0 0.910937 0.407031 0.081250 0.043750
0 0.857031 0.194531 0.059375 0.032813
0 0.624219 0.191406 0.064062 0.034375
0 0.471094 0.150000 0.120313 0.056250
0 0.371875 0.526563 0.062500 0.028125
0 0.408594 0.571875 0.068750 0.040625
0 0.191406 0.720313 0.103125 0.043750
0 0.280469 0.639062 0.075000 0.046875
0 0.299219 0.581250 0.059375 0.046875
0 0.595313 0.469531 0.076563 0.037500
0 0.641406 0.553125 0.059375 0.040625
0 0.845313 0.258594 0.068750 0.034375
0 0.971094 0.273438 0.057813 0.112500
0 0.940625 0.379688 0.067187 0.032813
0 0.978906 0.096094 0.040625 0.037500
0 0.292187 0.258594 0.065625 0.050000
0 0.416406 0.500781 0.050000 0.039062
0 0.736719 0.573438 0.093750 0.043750
0 0.848437 0.660937 0.062500 0.029687
0 0.837500 0.693750 0.053125 0.029687
0 0.689844 0.246094 0.050000 0.048438
0 0.608594 0.425781 0.056250 0.032813
0 0.036719 0.233594 0.046875 0.034375
0 0.246094 0.093750 0.050000 0.032813
0 0.393750 0.185156 0.062500 0.028125
0 0.915625 0.339062 0.062500 0.032813
0 0.396875 0.690625 0.062500 0.029687
0 0.661719 0.510938 0.068750 0.035937
0 0.675000 0.460156 0.056250 0.039062
0 0.727344 0.757031 0.057813 0.034375
0 0.780469 0.113281 0.048438 0.059375
0 0.531250 0.496875 0.046875 0.068750
0 0.278906 0.384375 0.050000 0.034375
0 0.205469 0.772656 0.059375 0.034375
0 0.115625 0.758594 0.053125 0.028125
0 0.798438 0.327344 0.054688 0.046875
0 0.884375 0.110156 0.059375 0.032813
0 0.642969 0.277344 0.050000 0.031250
0 0.681250 0.356250 0.056250 0.040625
0 0.878906 0.618750 0.118750 0.035937
