0 0.970313 0.982031 0.054688 0.028125
0 0.935156 0.963281 0.071875 0.042188
0 0.922656 0.885938 0.068750 0.045312
0 0.772656 0.679688 0.053125 0.037500
0 0.718750 0.771875 0.084375 0.031250
0 0.590625 0.779687 0.082812 0.034375
0 0.723437 0.831250 0.046875 0.031250
0 0.632031 0.971875 0.062500 0.056250
0 0.837500 0.753125 0.057813 0.039062
0 0.808594 0.485156 0.071875 0.034375
0 0.877344 0.500000 0.050000 0.050000
0 0.749219 0.535937 0.068750 0.062500
0 0.710938 0.636719 0.106250 0.031250
0 0.694531 0.602344 0.057813 0.032813
0 0.375000 0.671094 0.068750 0.026562
0 0.139063 0.555469 0.062500 0.031250
0 0.600000 0.607812 0.075000 0.050000
0 0.667188 0.715625 0.040625 0.023438
0 0.634375 0.687500 0.060937 0.031250
0 0.931250 0.754687 0.046875 0.031250
0 0.614844 0.195312 0.078125 0.050000
0 0.726562 0.137500 0.075000 0.043750
0 0.928125 0.108594 0.079687 0.068750
0 0.883594 0.039844 0.062500 0.034375
0 0.379688 0.238281 0.060937 0.028125
0 0.746094 0.225781 0.109375 0.050000
0 0.973437 0.201563 0.053125 0.045312
0 0.560937 0.343750 0.046875 0.034375
0 0.445312 0.106250 0.057813 0.042188
0 0.533594 0.085156 0.059375 0.035937
0 0.853125 0.251563 0.059375 0.039062
0 0.268750 0.327344 0.078125 0.043750
0 0.412500 0.639844 0.050000 0.025000
0 0.485156 0.167187 0.053125 0.043750
0 0.406250 0.167969 0.050000 0.053125
0 0.441406 0.264062 0.053125 0.032813
