0 0.264062 0.406250 0.109375 0.092188
0 0.118750 0.516406 0.045312 0.081250
0 0.167187 0.625000 0.070312 0.096875
0 0.043750 0.702344 0.048438 0.068750
0 0.145313 0.721875 0.065625 0.087500
0 0.182031 0.888281 0.131250 0.203125
0 0.398438 0.574219 0.078125 0.093750
0 0.607812 0.551562 0.096875 0.093750
0 0.678906 0.407813 0.125000 0.134375
0 0.521875 0.061719 0.060937 0.087500
0 0.528125 0.721094 0.087500 0.165625
0 0.575000 0.821094 0.046875 0.090625
0 0.738281 0.909375 0.120313 0.096875
0 0.796094 0.806250 0.040625 0.071875
0 0.803906 0.619531 0.093750 0.114062
0 0.459375 0.326562 0.090625 0.079687
0 0.285938 0.939844 0.056250 0.071875
0 0.808594 0.423438 0.065625 0.112500
