0 0.404687 0.117188 0.046875 0.053125
0 0.538281 0.142969 0.051562 0.057813
0 0.342187 0.353125 0.053125 0.059375
0 0.415625 0.351562 0.064062 0.059375
0 0.447656 0.320312 0.043750 0.054688
0 0.497656 0.353906 0.053125 0.081250
0 0.411719 0.425781 0.039062 0.067187
0 0.628906 0.362500 0.071875 0.084375
0 0.817969 0.511719 0.062500 0.092188
0 0.859375 0.637500 0.037500 0.046875
0 0.697656 0.601562 0.073438 0.096875
0 0.393750 0.610938 0.082812 0.064062
0 0.301563 0.682813 0.051562 0.046875
0 0.264062 0.575000 0.064062 0.070312
0 0.490625 0.433594 0.081250 0.059375
0 0.888281 0.849219 0.073438 0.035937
0 0.964063 0.900000 0.070312 0.057813
0 0.977344 0.670312 0.045312 0.056250
0 0.728906 0.767969 0.106250 0.056250
0 0.426563 0.817969 0.070312 0.053125
0 0.560937 0.753906 0.051562 0.043750
0 0.411719 0.552344 0.056250 0.037500
0 0.122656 0.525000 0.048438 0.050000
0 0.203906 0.733594 0.045312 0.053125
0 0.266406 0.765625 0.046875 0.048438
0 0.224219 0.792188 0.051562 0.054688
0 0.301563 0.814063 0.053125 0.043750
0 0.771875 0.187500 0.040625 0.050000
0 0.216406 0.513281 0.037500 0.042188
0 0.827344 0.386719 0.050000 0.043750
0 0.771875 0.854688 0.073438 0.043750
0 0.451562 0.912500 0.071875 0.045312
0 0.562500 0.842969 0.073438 0.081250
0 0.678906 0.698438 0.109375 0.068750
0 0.800000 0.703125 0.104688 0.075000
0 0.133594 0.765625 0.053125 0.057813
0 0.021875 0.649219 0.043750 0.062500
0 0.213281 0.632031 0.075000 0.085938
