0 0.521094 0.638281 0.051562 0.064062
0 0.571094 0.768750 0.048438 0.062500
0 0.625781 0.680469 0.040625 0.056250
0 0.851562 0.369531 0.050000 0.057813
0 0.666406 0.114062 0.046875 0.062500
0 0.752344 0.121875 0.048438 0.062500
0 0.664062 0.310937 0.050000 0.053125
0 0.467187 0.467969 0.037500 0.042188
0 0.557813 0.446094 0.045312 0.059375
0 0.727344 0.421875 0.040625 0.056250
0 0.604688 0.569531 0.050000 0.053125
0 0.411719 0.660156 0.046875 0.053125
0 0.804688 0.539844 0.045312 0.050000
0 0.673438 0.213281 0.068750 0.087500
0 0.758594 0.906250 0.037500 0.050000
0 0.772656 0.430469 0.053125 0.043750
