0 0.254688 0.714063 0.071875 0.068750
0 0.357031 0.707031 0.087500 0.054688
0 0.338281 0.647656 0.075000 0.065625
0 0.471094 0.686719 0.071875 0.046875
0 0.544531 0.672656 0.075000 0.053125
0 0.417187 0.814844 0.075000 0.048438
0 0.868750 0.637500 0.075000 0.053125
0 0.616406 0.274219 0.134375 0.067187
0 0.374219 0.207031 0.109375 0.053125
0 0.416406 0.251563 0.071875 0.053125
0 0.312500 0.328125 0.093750 0.045312
0 0.471875 0.550781 0.153125 0.065625
0 0.353125 0.472656 0.101562 0.068750
0 0.598437 0.415625 0.103125 0.076563
0 0.658594 0.367188 0.071875 0.045312
0 0.769531 0.460938 0.084375 0.037500
0 0.677344 0.144531 0.134375 0.059375
0 0.793750 0.521094 0.079687 0.043750
0 0.877344 0.389844 0.096875 0.053125
0 0.751563 0.353906 0.078125 0.034375
0 0.563281 0.316406 0.076563 0.046875
0 0.481250 0.302344 0.059375 0.053125
0 0.497656 0.247656 0.060937 0.059375
0 0.361719 0.381250 0.062500 0.051562
0 0.256250 0.371094 0.053125 0.034375
0 0.541406 0.472656 0.085938 0.060937
0 0.714063 0.522656 0.065625 0.093750
0 0.478125 0.625000 0.137500 0.068750
0 0.385937 0.600000 0.073438 0.040625
0 0.296094 0.778125 0.150000 0.087500
