0 0.578906 0.846094 0.031250 0.020313
0 0.580469 0.825781 0.025000 0.017188
0 0.609375 0.814844 0.029687 0.018750
0 0.691406 0.826562 0.028125 0.017188
0 0.732812 0.778906 0.037500 0.023438
0 0.667969 0.750000 0.029687 0.018750
0 0.548438 0.764844 0.026562 0.021875
0 0.517969 0.803906 0.028125 0.014063
0 0.382812 0.750781 0.043750 0.025000
0 0.595313 0.706250 0.035937 0.026562
0 0.773438 0.702344 0.043750 0.028125
0 0.559375 0.692969 0.034375 0.021875
0 0.376563 0.709375 0.028125 0.018750
0 0.317188 0.750000 0.025000 0.015625
0 0.371094 0.666406 0.025000 0.018750
0 0.617188 0.548438 0.037500 0.026562
0 0.729688 0.512500 0.028125 0.021875
0 0.760938 0.639062 0.025000 0.015625
0 0.676562 0.677344 0.021875 0.012500
0 0.615625 0.640625 0.020313 0.012500
0 0.578125 0.669531 0.021875 0.017188
0 0.782813 0.787500 0.028125 0.029687
0 0.885938 0.730469 0.028125 0.023438
0 0.885938 0.609375 0.028125 0.017188
0 0.733594 0.462500 0.032813 0.025000
0 0.596875 0.613281 0.028125 0.018750
0 0.601562 0.582812 0.034375 0.025000
0 0.489063 0.587500 0.025000 0.015625
0 0.340625 0.563281 0.037500 0.028125
0 0.399219 0.474219 0.031250 0.021875
0 0.434375 0.424219 0.031250 0.018750
0 0.398438 0.423438 0.028125 0.015625
0 0.442188 0.384375 0.026562 0.018750
0 0.722656 0.543750 0.051562 0.034375
0 0.726562 0.596094 0.046875 0.021875
0 0.793750 0.566406 0.034375 0.023438
0 0.836719 0.600781 0.082812 0.039062
0 0.809375 0.475781 0.025000 0.018750
0 0.794531 0.451562 0.029687 0.020313
0 0.777344 0.428125 0.031250 0.023438
0 0.822656 0.425781 0.029687 0.021875
0 0.838281 0.440625 0.025000 0.018750
0 0.719531 0.385937 0.031250 0.029687
0 0.727344 0.441406 0.020313 0.010937
0 0.628125 0.472656 0.032813 0.018750
0 0.658594 0.451562 0.039062 0.015625
0 0.609375 0.431250 0.034375 0.021875
0 0.562500 0.475781 0.043750 0.034375
0 0.685156 0.652344 0.037500 0.023438
0 0.858594 0.641406 0.081250 0.042188
0 0.662500 0.550000 0.018750 0.010937
0 0.650000 0.541406 0.018750 0.012500
0 0.567969 0.442188 0.021875 0.015625
0 0.732031 0.357812 0.037500 0.028125
0 0.776563 0.309375 0.025000 0.017188
0 0.833594 0.307031 0.032813 0.018750
0 0.705469 0.206250 0.031250 0.012500
0 0.651563 0.303125 0.018750 0.012500
0 0.313281 0.685156 0.043750 0.035937
0 0.438281 0.770312 0.025000 0.020313
0 0.259375 0.657031 0.031250 0.018750
