0 0.562500 0.243750 0.059375 0.067187
0 0.640625 0.190625 0.040625 0.050000
0 0.673438 0.409375 0.045312 0.067187
0 0.771094 0.392969 0.050000 0.070312
0 0.702344 0.499219 0.085938 0.068750
0 0.555469 0.510156 0.046875 0.081250
0 0.802344 0.802344 0.042188 0.056250
0 0.689063 0.681250 0.081250 0.064062
0 0.615625 0.615625 0.082812 0.112500
0 0.563281 0.664062 0.039062 0.054688
0 0.452344 0.280469 0.046875 0.076563
0 0.588281 0.314844 0.053125 0.076563
0 0.604688 0.525781 0.035937 0.048438
0 0.390625 0.292969 0.059375 0.081250
0 0.482812 0.467969 0.075000 0.120313
0 0.446094 0.596875 0.092188 0.101562
0 0.316406 0.430469 0.076563 0.078125
0 0.698438 0.780469 0.051562 0.093750
0 0.515625 0.665625 0.048438 0.131250
0 0.369531 0.475000 0.034375 0.054688
0 0.307812 0.335156 0.042188 0.070312
