0 0.806250 0.155469 0.065625 0.060937
0 0.781250 0.496875 0.071875 0.051562
0 0.971094 0.671875 0.057813 0.046875
0 0.750000 0.632812 0.093750 0.059375
0 0.557813 0.642188 0.062500 0.034375
0 0.413281 0.816406 0.062500 0.053125
0 0.303906 0.521875 0.092188 0.075000
0 0.366406 0.202344 0.056250 0.046875
0 0.403906 0.269531 0.065625 0.050000
0 0.653906 0.373437 0.070312 0.059375
0 0.597656 0.232031 0.093750 0.062500
0 0.541406 0.362500 0.046875 0.037500
0 0.690625 0.475781 0.071875 0.043750
0 0.612500 0.444531 0.062500 0.039062
0 0.046094 0.737500 0.062500 0.050000
0 0.278125 0.226562 0.068750 0.046875
0 0.627344 0.566406 0.100000 0.026562
0 0.462500 0.433594 0.043750 0.035937
0 0.539844 0.306250 0.057813 0.037500
0 0.507031 0.677344 0.067187 0.037500
0 0.550781 0.539844 0.062500 0.037500
