0 0.907813 0.368750 0.087500 0.075000
0 0.760938 0.226562 0.068750 0.076563
0 0.331250 0.680469 0.112500 0.084375
0 0.177344 0.719531 0.065625 0.046875
0 0.032031 0.979688 0.064062 0.040625
0 0.793750 0.554688 0.043750 0.062500
0 0.112500 0.078125 0.070312 0.048438
0 0.646875 0.331250 0.134375 0.050000
0 0.203906 0.489844 0.059375 0.046875
0 0.625781 0.767969 0.056250 0.035937
0 0.473438 0.485938 0.065625 0.045312
0 0.748437 0.400781 0.065625 0.050000
0 0.882812 0.534375 0.081250 0.082812
0 0.275781 0.167969 0.093750 0.070312
