0 0.219531 0.891406 0.089063 0.053125
0 0.142969 0.496094 0.093750 0.040625
0 0.715625 0.243750 0.118750 0.071875
0 0.887500 0.420312 0.109375 0.090625
0 0.821094 0.587500 0.090625 0.043750
0 0.717969 0.980469 0.109375 0.039062
0 0.421875 0.498437 0.095312 0.043750
0 0.583594 0.124219 0.093750 0.035937
0 0.724219 0.120313 0.076563 0.043750
0 0.770312 0.690625 0.050000 0.028125
0 0.930469 0.669531 0.071875 0.043750
0 0.526563 0.637500 0.090625 0.043750
0 0.317969 0.599219 0.065625 0.034375
0 0.485156 0.835938 0.059375 0.040625
0 0.276562 0.425781 0.065625 0.034375
0 0.789062 0.653906 0.071875 0.031250
0 0.102344 0.962500 0.104688 0.039062
