0 0.828906 0.892969 0.084375 0.075000
0 0.642188 0.469531 0.090625 0.062500
0 0.098437 0.467969 0.109375 0.087500
0 0.254688 0.407813 0.115625 0.059375
0 0.536719 0.376563 0.079687 0.059375
0 0.560156 0.678906 0.087500 0.075000
0 0.619531 0.586719 0.100000 0.100000
0 0.791406 0.620313 0.103125 0.068750
0 0.724219 0.807813 0.093750 0.090625
0 0.964844 0.611719 0.070312 0.104688
0 0.923438 0.395313 0.096875 0.100000
0 0.656250 0.339844 0.100000 0.068750
0 0.892188 0.701562 0.103125 0.110937
0 0.961719 0.263281 0.076563 0.081250
0 0.752344 0.307031 0.100000 0.059375
