0 0.272656 0.342969 0.040625 0.034375
0 0.213281 0.328906 0.043750 0.067187
0 0.295312 0.659375 0.050000 0.042188
0 0.528125 0.439844 0.048438 0.034375
0 0.291406 0.825781 0.115625 0.084375
0 0.350781 0.567187 0.062500 0.053125
0 0.125781 0.428125 0.067187 0.068750
0 0.106250 0.617969 0.100000 0.071875
0 0.247656 0.441406 0.118750 0.090625
0 0.254688 0.529687 0.060937 0.037500
0 0.533594 0.303906 0.043750 0.043750
0 0.521094 0.349219 0.043750 0.031250
0 0.383594 0.270313 0.067187 0.054688
0 0.214844 0.605469 0.093750 0.079687
0 0.439063 0.610156 0.071875 0.075000
0 0.417969 0.720313 0.042188 0.037500
0 0.432812 0.314844 0.043750 0.034375
