0 0.213281 0.222656 0.029687 0.050000
0 0.369531 0.257031 0.031250 0.043750
0 0.526563 0.118750 0.040625 0.042188
0 0.428125 0.085938 0.028125 0.048438
0 0.330469 0.311719 0.031250 0.053125
0 0.476562 0.463281 0.025000 0.031250
0 0.604688 0.386719 0.025000 0.050000
0 0.585156 0.422656 0.025000 0.034375
0 0.738281 0.374219 0.029687 0.043750
0 0.764844 0.275000 0.037500 0.051562
0 0.787500 0.169531 0.028125 0.040625
0 0.692969 0.203125 0.031250 0.042188
0 0.776563 0.355469 0.021875 0.040625
0 0.682031 0.568750 0.037500 0.056250
0 0.679688 0.642188 0.028125 0.046875
0 0.658594 0.761719 0.031250 0.068750
0 0.575781 0.836719 0.034375 0.064062
0 0.567969 0.713281 0.028125 0.040625
0 0.459375 0.861719 0.053125 0.053125
0 0.366406 0.788281 0.021875 0.040625
0 0.389844 0.617188 0.026562 0.043750
0 0.339062 0.617969 0.028125 0.035937
0 0.338281 0.565625 0.025000 0.037500
0 0.538281 0.673438 0.025000 0.040625
0 0.328906 0.767969 0.021875 0.037500
0 0.752344 0.507031 0.023438 0.032813
0 0.792969 0.253906 0.021875 0.053125
0 0.533594 0.048438 0.034375 0.053125
0 0.221094 0.346094 0.040625 0.054688
0 0.224219 0.514062 0.025000 0.065625
