0 0.153906 0.578906 0.020313 0.031250
0 0.174219 0.580469 0.017188 0.025000
0 0.185156 0.609375 0.018750 0.029687
0 0.173437 0.691406 0.017188 0.028125
0 0.221094 0.732812 0.023438 0.039062
0 0.250000 0.667969 0.018750 0.029687
0 0.235156 0.548438 0.021875 0.026562
0 0.196094 0.517969 0.014063 0.028125
0 0.249219 0.382812 0.025000 0.043750
0 0.293750 0.595313 0.026562 0.035937
0 0.297656 0.773438 0.028125 0.043750
0 0.307031 0.559375 0.023438 0.034375
0 0.290625 0.376563 0.020313 0.028125
0 0.250000 0.317188 0.015625 0.026562
0 0.333594 0.371094 0.017188 0.026562
0 0.451562 0.617188 0.026562 0.037500
0 0.487500 0.729688 0.021875 0.028125
0 0.360938 0.760938 0.015625 0.026562
0 0.322656 0.676562 0.014063 0.021875
0 0.359375 0.615625 0.014063 0.020313
0 0.330469 0.578125 0.017188 0.023438
0 0.212500 0.782813 0.029687 0.028125
0 0.269531 0.885938 0.023438 0.028125
0 0.390625 0.885938 0.017188 0.028125
0 0.537500 0.733594 0.026562 0.032813
0 0.386719 0.596875 0.020313 0.028125
0 0.417187 0.601562 0.026562 0.035937
0 0.412500 0.489063 0.017188 0.026562
0 0.436719 0.340625 0.029687 0.039062
0 0.525781 0.399219 0.020313 0.031250
0 0.575781 0.434375 0.018750 0.032813
0 0.576562 0.398438 0.015625 0.028125
0 0.615625 0.442188 0.018750 0.026562
0 0.456250 0.722656 0.034375 0.051562
0 0.403906 0.726562 0.021875 0.046875
0 0.433594 0.793750 0.023438 0.035937
0 0.399219 0.836719 0.039062 0.082812
0 0.524219 0.809375 0.018750 0.025000
0 0.548438 0.794531 0.020313 0.029687
0 0.571875 0.777344 0.023438 0.031250
0 0.574219 0.822656 0.021875 0.029687
0 0.559375 0.838281 0.018750 0.026562
0 0.614062 0.719531 0.029687 0.031250
0 0.558594 0.727344 0.010937 0.020313
0 0.527344 0.628125 0.020313 0.032813
0 0.548438 0.658594 0.015625 0.039062
0 0.568750 0.609375 0.023438 0.034375
0 0.524219 0.562500 0.035937 0.043750
0 0.347656 0.685156 0.023438 0.039062
0 0.358594 0.858594 0.042188 0.082812
0 0.450000 0.662500 0.010937 0.020313
0 0.458594 0.650000 0.012500 0.018750
0 0.557813 0.567969 0.015625 0.020313
0 0.642188 0.732031 0.028125 0.037500
0 0.690625 0.776563 0.017188 0.026562
0 0.692969 0.833594 0.020313 0.032813
0 0.793750 0.705469 0.012500 0.031250
0 0.696875 0.651563 0.012500 0.018750
0 0.314844 0.313281 0.035937 0.043750
0 0.229687 0.438281 0.020313 0.026562
0 0.342969 0.259375 0.020313 0.031250
