0 0.572656 0.248438 0.043750 0.059375
0 0.671094 0.291406 0.085938 0.093750
0 0.611719 0.353906 0.064062 0.106250
0 0.602344 0.584375 0.073438 0.089063
0 0.517969 0.630469 0.043750 0.070312
0 0.206250 0.592969 0.051562 0.087500
0 0.875781 0.545312 0.040625 0.051562
0 0.825781 0.555469 0.039062 0.062500
0 0.947656 0.690625 0.039062 0.070312
0 0.801562 0.746875 0.090625 0.090625
0 0.641406 0.423438 0.050000 0.060937
0 0.454688 0.416406 0.053125 0.084375
0 0.539844 0.320312 0.059375 0.084375
0 0.103125 0.025781 0.043750 0.051562
0 0.112500 0.758594 0.035937 0.065625
0 0.250781 0.935937 0.032813 0.062500
0 0.211719 0.943750 0.032813 0.071875
0 0.293750 0.842969 0.037500 0.062500
0 0.345313 0.795312 0.035937 0.060937
0 0.755469 0.644531 0.059375 0.117188
