0 0.174219 0.304688 0.043750 0.071875
0 0.123438 0.243750 0.040625 0.106250
0 0.210156 0.116406 0.042188 0.071875
0 0.231250 0.452344 0.040625 0.067187
0 0.253125 0.336719 0.045312 0.104688
0 0.264844 0.760938 0.045312 0.085938
0 0.586719 0.589063 0.051562 0.093750
0 0.792188 0.412500 0.043750 0.062500
0 0.827344 0.442188 0.037500 0.100000
0 0.639844 0.887500 0.067187 0.101562
0 0.717969 0.841406 0.045312 0.098437
0 0.518750 0.807031 0.053125 0.112500
0 0.435156 0.780469 0.039062 0.064062
0 0.350781 0.714844 0.039062 0.068750
0 0.423438 0.688281 0.059375 0.070312
0 0.428125 0.871094 0.079687 0.071875
0 0.544531 0.922656 0.056250 0.050000
0 0.644531 0.746094 0.082812 0.139063
