0 0.343750 0.194531 0.059375 0.131250
0 0.464844 0.194531 0.064062 0.106250
0 0.536719 0.254688 0.075000 0.132812
0 0.352344 0.384375 0.048438 0.070312
0 0.605469 0.749219 0.057813 0.070312
0 0.575781 0.121875 0.034375 0.070312
0 0.273438 0.410938 0.046875 0.065625
0 0.705469 0.323437 0.068750 0.090625
0 0.581250 0.377344 0.081250 0.104688
0 0.662500 0.378125 0.060937 0.065625
0 0.471875 0.549219 0.050000 0.106250
0 0.818750 0.925000 0.045312 0.060937
0 0.382812 0.283594 0.045312 0.078125
0 0.652344 0.231250 0.048438 0.064062
0 0.393750 0.168750 0.037500 0.048438
0 0.341406 0.535156 0.046875 0.067187
