0 0.496875 0.296094 0.051562 0.065625
0 0.542188 0.134375 0.040625 0.057813
0 0.395313 0.437500 0.051562 0.057813
0 0.457031 0.485156 0.046875 0.050000
0 0.651563 0.570312 0.046875 0.067187
0 0.310156 0.604688 0.060937 0.081250
0 0.324219 0.247656 0.037500 0.054688
0 0.269531 0.135156 0.073438 0.120313
0 0.325781 0.150000 0.031250 0.053125
0 0.349219 0.113281 0.060937 0.095312
0 0.335156 0.478906 0.031250 0.059375
0 0.269531 0.539844 0.053125 0.062500
0 0.396875 0.225781 0.042188 0.093750
0 0.376563 0.285156 0.040625 0.042188
0 0.559375 0.035156 0.037500 0.053125
0 0.123438 0.304688 0.037500 0.045312
0 0.363281 0.338281 0.034375 0.050000
0 0.526563 0.367969 0.034375 0.046875
0 0.409375 0.503125 0.035937 0.046875
0 0.516406 0.424219 0.034375 0.037500
