0 0.523438 0.139844 0.085938 0.076563
0 0.756250 0.404687 0.062500 0.062500
0 0.764844 0.483594 0.071875 0.089063
0 0.785156 0.658594 0.114062 0.193750
0 0.645312 0.696094 0.070312 0.071875
0 0.618750 0.812500 0.098437 0.084375
0 0.702344 0.759375 0.073438 0.109375
0 0.782031 0.828906 0.065625 0.078125
0 0.542969 0.571094 0.064062 0.082812
0 0.603906 0.607812 0.048438 0.075000
0 0.557031 0.676562 0.087500 0.095312
0 0.560937 0.392188 0.059375 0.103125
0 0.275000 0.071094 0.062500 0.075000
0 0.728125 0.205469 0.050000 0.114062
0 0.245312 0.809375 0.051562 0.078125
0 0.498437 0.759375 0.101562 0.087500
