0 0.303125 0.747656 0.084375 0.062500
0 0.289844 0.665625 0.096875 0.056250
0 0.541406 0.520312 0.179688 0.106250
0 0.634375 0.771094 0.096875 0.065625
0 0.610938 0.696094 0.087500 0.053125
0 0.901563 0.687500 0.089063 0.078125
0 0.385156 0.439063 0.106250 0.067187
0 0.487500 0.398438 0.096875 0.065625
0 0.186719 0.296094 0.126562 0.081250
0 0.185156 0.183594 0.103125 0.087500
0 0.300781 0.142187 0.118750 0.076563
0 0.671875 0.244531 0.098437 0.065625
0 0.463281 0.213281 0.187500 0.092188
0 0.322656 0.517969 0.137500 0.067187
0 0.387500 0.607031 0.140625 0.085938
0 0.387500 0.707031 0.076563 0.050000
0 0.710938 0.672656 0.103125 0.068750
0 0.876563 0.528906 0.075000 0.056250
