0 0.170313 0.452344 0.039062 0.064062
0 0.340625 0.672656 0.037500 0.056250
0 0.756250 0.181250 0.056250 0.107813
0 0.925000 0.399219 0.031250 0.054688
0 0.921875 0.306250 0.045312 0.103125
0 0.852344 0.541406 0.039062 0.067187
0 0.715625 0.675000 0.045312 0.073438
0 0.678906 0.720313 0.034375 0.076563
0 0.784375 0.725000 0.046875 0.075000
0 0.898438 0.732031 0.039062 0.082812
0 0.758594 0.907813 0.035937 0.071875
0 0.781250 0.611719 0.057813 0.065625
0 0.771094 0.423438 0.046875 0.082812
0 0.923438 0.609375 0.042188 0.093750
0 0.628125 0.569531 0.035937 0.062500
0 0.673438 0.565625 0.046875 0.054688
0 0.317969 0.560937 0.054688 0.043750
