0 0.035156 0.369531 0.070312 0.112500
0 0.388281 0.042969 0.043750 0.056250
0 0.410156 0.101562 0.040625 0.050000
0 0.760156 0.346875 0.057813 0.078125
0 0.578906 0.535156 0.098437 0.082812
0 0.607812 0.509375 0.175000 0.175000
0 0.804688 0.435937 0.046875 0.060937
0 0.724219 0.714063 0.060937 0.081250
0 0.371094 0.671875 0.070312 0.075000
0 0.154688 0.480469 0.115625 0.135937
0 0.319531 0.532813 0.062500 0.095312
0 0.733594 0.113281 0.140625 0.131250
0 0.576562 0.108594 0.137500 0.217188
0 0.421094 0.813281 0.109375 0.168750
0 0.808594 0.606250 0.054688 0.095312
0 0.814844 0.710156 0.079687 0.085938
0 0.904687 0.441406 0.054688 0.081250
