0 0.621875 0.368750 0.062500 0.046875
0 0.560937 0.295312 0.056250 0.043750
0 0.699219 0.523438 0.068750 0.045312
0 0.721875 0.616406 0.093750 0.062500
0 0.582812 0.471094 0.046875 0.035937
0 0.535156 0.592969 0.059375 0.028125
0 0.171094 0.608594 0.046875 0.031250
0 0.113281 0.575000 0.056250 0.034375
0 0.068750 0.563281 0.039062 0.037500
0 0.430469 0.592969 0.053125 0.031250
0 0.400781 0.560937 0.064062 0.037500
0 0.641406 0.642969 0.076563 0.057813
0 0.953125 0.203125 0.093750 0.031250
0 0.800781 0.269531 0.056250 0.031250
0 0.439063 0.128125 0.079687 0.037500
0 0.831250 0.381250 0.056250 0.031250
0 0.828125 0.678125 0.051562 0.031250
0 0.338281 0.485938 0.043750 0.037500
0 0.440625 0.339062 0.046875 0.029687
0 0.569531 0.657031 0.056250 0.040625
0 0.232813 0.553125 0.050000 0.053125
