0 0.175000 0.427344 0.057813 0.076563
0 0.128125 0.539844 0.054688 0.082812
0 0.322656 0.546094 0.031250 0.039062
0 0.278906 0.680469 0.053125 0.090625
0 0.365625 0.685156 0.046875 0.071875
0 0.429688 0.700000 0.062500 0.059375
0 0.510938 0.742188 0.046875 0.064062
0 0.646094 0.593750 0.051562 0.064062
0 0.197656 0.544531 0.067187 0.068750
0 0.229687 0.464844 0.034375 0.050000
0 0.439063 0.557031 0.037500 0.043750
0 0.503125 0.823438 0.034375 0.045312
0 0.814844 0.521094 0.032813 0.048438
0 0.671875 0.415625 0.042188 0.064062
0 0.496875 0.555469 0.042188 0.046875
0 0.721875 0.574219 0.068750 0.092188
0 0.193750 0.636719 0.106250 0.098437
