0 0.500000 0.103906 0.059375 0.087500
0 0.532031 0.376563 0.082812 0.107813
0 0.328906 0.371094 0.054688 0.071875
0 0.279687 0.596875 0.064062 0.070312
0 0.381250 0.871875 0.123438 0.120313
0 0.769531 0.919531 0.109375 0.114062
0 0.743750 0.529687 0.051562 0.064062
0 0.624219 0.328906 0.062500 0.071875
0 0.892188 0.439844 0.059375 0.078125
0 0.672656 0.083594 0.050000 0.123438
0 0.374219 0.108594 0.070312 0.065625
0 0.634375 0.438281 0.051562 0.078125
0 0.828125 0.610156 0.050000 0.068750
0 0.898438 0.914844 0.056250 0.078125
0 0.891406 0.976562 0.076563 0.046875
0 0.744531 0.598437 0.057813 0.062500
