0 0.705469 0.641406 0.057813 0.056250
0 0.538281 0.554688 0.084375 0.081250
0 0.560156 0.381250 0.054688 0.056250
0 0.861719 0.557813 0.053125 0.050000
0 0.893750 0.626563 0.053125 0.045312
0 0.734375 0.863281 0.109375 0.059375
0 0.560156 0.875000 0.048438 0.056250
0 0.228125 0.160938 0.037500 0.043750
0 0.140625 0.144531 0.035937 0.039062
0 0.200781 0.337500 0.037500 0.040625
0 0.144531 0.455469 0.078125 0.087500
0 0.130469 0.222656 0.053125 0.062500
0 0.335156 0.525000 0.062500 0.065625
0 0.365625 0.583594 0.043750 0.048438
0 0.803906 0.315625 0.062500 0.053125
0 0.842969 0.225000 0.062500 0.048438
0 0.871094 0.450781 0.053125 0.050000
0 0.866406 0.402344 0.057813 0.042188
0 0.811719 0.451562 0.050000 0.042188
0 0.909375 0.781250 0.046875 0.045312
0 0.610156 0.622656 0.046875 0.040625
0 0.632812 0.771875 0.062500 0.046875
0 0.535156 0.796875 0.067187 0.042188
0 0.842187 0.429688 0.131250 0.112500
0 0.721875 0.639844 0.123438 0.121875
0 0.283594 0.678906 0.096875 0.134375
