0 0.243750 0.483594 0.125000 0.087500
0 0.455469 0.605469 0.073438 0.040625
0 0.411719 0.553906 0.100000 0.043750
0 0.383594 0.501563 0.137500 0.053125
0 0.476562 0.455469 0.071875 0.054688
0 0.312500 0.073438 0.109375 0.067187
0 0.820312 0.573438 0.068750 0.046875
0 0.688281 0.628125 0.109375 0.065625
0 0.450781 0.702344 0.081250 0.039062
0 0.409375 0.662500 0.065625 0.042188
0 0.653125 0.482031 0.062500 0.062500
0 0.531250 0.514062 0.053125 0.043750
0 0.376563 0.153125 0.059375 0.053125
0 0.306250 0.282813 0.100000 0.039062
0 0.268750 0.354687 0.062500 0.040625
0 0.598437 0.078125 0.056250 0.042188
0 0.801562 0.176563 0.070312 0.040625
0 0.890625 0.259375 0.067187 0.037500
0 0.552344 0.403906 0.068750 0.035937
0 0.159375 0.442969 0.065625 0.048438
0 0.780469 0.860938 0.050000 0.032813
0 0.479687 0.362500 0.062500 0.037500
0 0.482031 0.164062 0.062500 0.039062
