0 0.503125 0.196875 0.068750 0.050000
0 0.364063 0.200781 0.050000 0.037500
0 0.389844 0.240625 0.168750 0.051562
0 0.271094 0.282813 0.075000 0.043750
0 0.374219 0.362500 0.087500 0.059375
0 0.373437 0.628906 0.076563 0.037500
0 0.363281 0.675781 0.065625 0.042188
0 0.446094 0.782813 0.059375 0.034375
0 0.539062 0.760938 0.070312 0.031250
0 0.597656 0.700000 0.081250 0.042188
0 0.329688 0.765625 0.062500 0.034375
0 0.227344 0.716406 0.082812 0.050000
0 0.279687 0.632812 0.062500 0.031250
0 0.283594 0.551562 0.068750 0.034375
0 0.182812 0.322656 0.112500 0.056250
0 0.252344 0.791406 0.046875 0.031250
0 0.224219 0.655469 0.046875 0.031250
