0 0.446094 0.189844 0.076563 0.126562
0 0.858594 0.101562 0.106250 0.106250
0 0.816406 0.566406 0.100000 0.139063
0 0.871875 0.682031 0.082812 0.082812
0 0.967187 0.439844 0.065625 0.114062
0 0.878906 0.475000 0.075000 0.093750
0 0.250000 0.128906 0.078125 0.107813
0 0.183594 0.354687 0.084375 0.093750
0 0.173437 0.043750 0.082812 0.087500
0 0.673438 0.543750 0.050000 0.078125
0 0.854688 0.282031 0.070312 0.090625
0 0.043750 0.507031 0.065625 0.060937
0 0.105469 0.377344 0.065625 0.082812
0 0.362500 0.603125 0.060937 0.087500
