0 0.576562 0.721094 0.106250 0.059375
0 0.252344 0.560937 0.095312 0.059375
0 0.926562 0.217188 0.103125 0.065625
0 0.817969 0.499219 0.089063 0.050000
0 0.733594 0.435937 0.087500 0.050000
0 0.558594 0.435156 0.103125 0.045312
0 0.305469 0.474219 0.098437 0.046875
0 0.520312 0.551562 0.096875 0.046875
0 0.670312 0.546875 0.128125 0.065625
0 0.417969 0.405469 0.070312 0.056250
0 0.406250 0.512500 0.115625 0.082812
0 0.946875 0.613281 0.068750 0.050000
0 0.971875 0.465625 0.056250 0.043750
0 0.608594 0.369531 0.059375 0.035937
