0 0.182812 0.383594 0.070312 0.082812
0 0.253906 0.494531 0.070312 0.078125
0 0.017188 0.297656 0.034375 0.107813
0 0.625781 0.510156 0.048438 0.067187
0 0.715625 0.553125 0.054688 0.089063
0 0.760938 0.617969 0.054688 0.059375
0 0.743750 0.689844 0.073438 0.079687
0 0.643750 0.678906 0.075000 0.096875
0 0.555469 0.556250 0.081250 0.082812
0 0.732812 0.396875 0.068750 0.079687
0 0.813281 0.370312 0.045312 0.067187
0 0.819531 0.545312 0.067187 0.079687
0 0.943750 0.080469 0.042188 0.059375
0 0.335156 0.443750 0.073438 0.103125
0 0.514844 0.486719 0.060937 0.085938
0 0.735938 0.188281 0.048438 0.059375
