0 0.953125 0.347656 0.093750 0.075000
0 0.763281 0.684375 0.070312 0.034375
0 0.772656 0.743750 0.085938 0.053125
0 0.676562 0.691406 0.081250 0.071875
0 0.680469 0.415625 0.081250 0.053125
0 0.161719 0.597656 0.081250 0.056250
0 0.242969 0.437500 0.103125 0.075000
0 0.417969 0.700781 0.159375 0.121875
0 0.467187 0.324219 0.112500 0.065625
0 0.508594 0.380469 0.100000 0.053125
0 0.368750 0.428906 0.081250 0.045312
0 0.357031 0.565625 0.079687 0.040625
0 0.427344 0.550781 0.071875 0.065625
0 0.657031 0.609375 0.101562 0.056250
0 0.641406 0.541406 0.125000 0.081250
0 0.805469 0.651563 0.053125 0.043750
0 0.906250 0.450781 0.064062 0.050000
0 0.895312 0.203906 0.137500 0.053125
0 0.697656 0.351562 0.081250 0.065625
0 0.596094 0.358594 0.065625 0.084375
0 0.514062 0.545312 0.087500 0.050000
0 0.471875 0.492969 0.090625 0.034375
0 0.222656 0.532813 0.065625 0.042188
0 0.789844 0.401562 0.057813 0.046875
0 0.851562 0.337500 0.093750 0.057813
0 0.917188 0.303125 0.060937 0.043750
0 0.766406 0.327344 0.090625 0.068750
0 0.575000 0.457813 0.121875 0.106250
0 0.744531 0.540625 0.089063 0.093750
0 0.871094 0.656250 0.059375 0.050000
0 0.360156 0.347656 0.081250 0.037500
0 0.335156 0.491406 0.090625 0.034375
0 0.378906 0.466406 0.054688 0.031250
0 0.464062 0.448437 0.100000 0.053125
0 0.675781 0.452344 0.068750 0.034375
