0 0.342969 0.727344 0.035937 0.039062
0 0.328906 0.786719 0.067187 0.043750
0 0.659375 0.704688 0.042188 0.051562
0 0.439844 0.471875 0.034375 0.048438
0 0.825781 0.708594 0.084375 0.115625
0 0.567187 0.649219 0.054688 0.062500
0 0.428125 0.874219 0.068750 0.067187
0 0.617969 0.893750 0.073438 0.100000
0 0.441406 0.752344 0.090625 0.120313
0 0.529687 0.745313 0.039062 0.060937
0 0.303906 0.466406 0.043750 0.043750
0 0.349219 0.478906 0.031250 0.043750
0 0.270313 0.616406 0.054688 0.067187
0 0.605469 0.785156 0.079687 0.093750
0 0.610156 0.560937 0.075000 0.071875
0 0.720313 0.582031 0.035937 0.042188
0 0.314844 0.567187 0.035937 0.043750
