0 0.221094 0.421094 0.078125 0.081250
0 0.046094 0.379688 0.040625 0.071875
0 0.120313 0.131250 0.043750 0.075000
0 0.171094 0.780469 0.059375 0.071875
0 0.440625 0.879687 0.040625 0.056250
0 0.584375 0.878906 0.059375 0.054688
0 0.600000 0.769531 0.071875 0.090625
0 0.484375 0.774219 0.068750 0.137500
0 0.735156 0.689844 0.068750 0.132812
0 0.914844 0.432812 0.037500 0.059375
0 0.867969 0.368750 0.035937 0.081250
0 0.768750 0.559375 0.037500 0.068750
0 0.861719 0.440625 0.031250 0.056250
0 0.985938 0.742188 0.028125 0.112500
0 0.687500 0.907031 0.045312 0.065625
