0 0.349219 0.530469 0.040625 0.084375
0 0.351562 0.779687 0.054688 0.126562
0 0.671875 0.728906 0.065625 0.165625
0 0.636719 0.458594 0.040625 0.089063
0 0.539062 0.413281 0.059375 0.125000
0 0.359375 0.326562 0.050000 0.103125
0 0.447656 0.642969 0.040625 0.090625
0 0.483594 0.678125 0.045312 0.098437
0 0.529687 0.617969 0.042188 0.081250
0 0.579688 0.575000 0.056250 0.146875
0 0.580469 0.828125 0.050000 0.121875
0 0.460156 0.508594 0.046875 0.071875
0 0.421094 0.575781 0.046875 0.075000
0 0.310156 0.431250 0.045312 0.078125
