0 0.023438 0.839063 0.046875 0.040625
0 0.082031 0.785156 0.078125 0.050000
0 0.343750 0.982031 0.078125 0.035937
0 0.286719 0.664844 0.093750 0.050000
0 0.293750 0.703906 0.067187 0.037500
0 0.732812 0.700781 0.084375 0.048438
0 0.741406 0.892969 0.071875 0.042188
0 0.589844 0.499219 0.100000 0.057813
0 0.748437 0.391406 0.085938 0.057813
0 0.698438 0.414062 0.090625 0.053125
0 0.771094 0.544531 0.071875 0.065625
0 0.903906 0.407813 0.100000 0.043750
0 0.685937 0.304688 0.087500 0.046875
0 0.281250 0.293750 0.065625 0.043750
0 0.335156 0.375000 0.081250 0.035937
0 0.356250 0.419531 0.076563 0.037500
0 0.389062 0.445312 0.056250 0.040625
