0 0.290625 0.110156 0.095312 0.075000
0 0.568750 0.139844 0.075000 0.050000
0 0.498437 0.247656 0.065625 0.048438
0 0.227344 0.241406 0.087500 0.073438
0 0.354687 0.232031 0.046875 0.048438
0 0.385937 0.264062 0.051562 0.040625
0 0.296875 0.245312 0.062500 0.064062
0 0.396094 0.345313 0.067187 0.056250
0 0.550000 0.349219 0.064062 0.065625
0 0.692187 0.428906 0.053125 0.051562
0 0.724219 0.370312 0.059375 0.059375
0 0.750000 0.482812 0.043750 0.043750
0 0.230469 0.469531 0.060937 0.046875
0 0.303125 0.462500 0.048438 0.042188
0 0.342969 0.514844 0.062500 0.050000
0 0.408594 0.519531 0.043750 0.034375
0 0.442188 0.462500 0.071875 0.056250
0 0.476562 0.519531 0.048438 0.040625
0 0.073438 0.801562 0.043750 0.040625
0 0.125000 0.821094 0.054688 0.046875
0 0.100000 0.814063 0.125000 0.075000
0 0.121094 0.486719 0.059375 0.043750
0 0.107031 0.184375 0.054688 0.037500
0 0.063281 0.232813 0.059375 0.035937
0 0.307031 0.558594 0.048438 0.037500
0 0.388281 0.700000 0.067187 0.062500
0 0.721094 0.645312 0.065625 0.087500
0 0.810156 0.637500 0.050000 0.054688
0 0.627344 0.432031 0.043750 0.035937
0 0.244531 0.302344 0.059375 0.043750
0 0.313281 0.306250 0.068750 0.054688
0 0.308594 0.282813 0.270313 0.198437
0 0.721094 0.401562 0.118750 0.110937
0 0.550000 0.483594 0.075000 0.076563
0 0.659375 0.511719 0.073438 0.051562
0 0.561719 0.540625 0.054688 0.039062
0 0.578906 0.634375 0.076563 0.057813
0 0.573438 0.563281 0.100000 0.210938
0 0.255469 0.639062 0.090625 0.059375
0 0.186719 0.515625 0.062500 0.051562
0 0.499219 0.787500 0.078125 0.051562
0 0.307812 0.688281 0.054688 0.039062
0 0.889062 0.593750 0.056250 0.057813
0 0.867969 0.705469 0.050000 0.051562
0 0.262500 0.464062 0.146875 0.065625
0 0.447656 0.487500 0.129688 0.121875
0 0.267188 0.532031 0.218750 0.085938
0 0.604688 0.771875 0.045312 0.045312
0 0.710938 0.779687 0.045312 0.051562
