0 0.252344 0.303125 0.064062 0.084375
0 0.334375 0.289844 0.056250 0.096875
0 0.479687 0.541406 0.107813 0.179688
0 0.228906 0.634375 0.067187 0.096875
0 0.303906 0.610938 0.054688 0.087500
0 0.312500 0.901563 0.078125 0.089063
0 0.560937 0.385156 0.067187 0.107813
0 0.601562 0.487500 0.065625 0.096875
0 0.703906 0.186719 0.082812 0.126562
0 0.816406 0.185156 0.087500 0.103125
0 0.857812 0.300781 0.076563 0.118750
0 0.755469 0.671875 0.065625 0.098437
0 0.786719 0.463281 0.092188 0.187500
0 0.482031 0.322656 0.067187 0.137500
0 0.392969 0.387500 0.085938 0.140625
0 0.292969 0.387500 0.050000 0.076563
0 0.327344 0.710938 0.068750 0.103125
0 0.471094 0.876563 0.057813 0.075000
