0 0.279687 0.253906 0.026562 0.037500
0 0.488281 0.161719 0.023438 0.039062
0 0.625000 0.206250 0.034375 0.065625
0 0.588281 0.204687 0.040625 0.034375
0 0.533594 0.409375 0.029687 0.051562
0 0.304688 0.575781 0.029687 0.043750
0 0.390625 0.572656 0.029687 0.040625
0 0.312500 0.300000 0.028125 0.043750
0 0.353125 0.252344 0.028125 0.039062
0 0.579688 0.791406 0.025000 0.040625
0 0.690625 0.758594 0.029687 0.039062
0 0.759375 0.659375 0.037500 0.042188
0 0.712500 0.686719 0.035937 0.051562
0 0.303906 0.633594 0.028125 0.039062
0 0.398438 0.640625 0.035937 0.053125
0 0.285156 0.181250 0.029687 0.039062
