0 0.756250 0.562500 0.065625 0.059375
0 0.809375 0.640625 0.050000 0.040625
0 0.590625 0.673438 0.065625 0.045312
0 0.607031 0.771094 0.068750 0.050000
0 0.500781 0.702344 0.068750 0.087500
0 0.489844 0.555469 0.081250 0.046875
0 0.197656 0.802344 0.056250 0.042188
0 0.318750 0.689063 0.062500 0.081250
0 0.384375 0.615625 0.112500 0.081250
0 0.335938 0.563281 0.053125 0.040625
0 0.719531 0.452344 0.075000 0.046875
0 0.685156 0.588281 0.075000 0.053125
0 0.474219 0.604688 0.048438 0.034375
0 0.707031 0.390625 0.081250 0.059375
0 0.532031 0.482812 0.118750 0.075000
0 0.403125 0.446094 0.103125 0.092188
0 0.569531 0.316406 0.078125 0.075000
0 0.219531 0.698438 0.093750 0.051562
0 0.334375 0.515625 0.131250 0.046875
0 0.525000 0.369531 0.054688 0.034375
0 0.664844 0.307812 0.068750 0.042188
