0 0.154688 0.518750 0.048438 0.068750
0 0.218750 0.094531 0.026562 0.082812
0 0.283594 0.217188 0.043750 0.064062
0 0.455469 0.346094 0.035937 0.057813
0 0.692969 0.414844 0.042188 0.062500
0 0.399219 0.771875 0.039062 0.065625
0 0.403125 0.900000 0.048438 0.064062
0 0.240625 0.687500 0.043750 0.060937
0 0.178125 0.667188 0.045312 0.079687
0 0.184375 0.401562 0.037500 0.059375
0 0.285156 0.557813 0.034375 0.054688
0 0.358594 0.503906 0.045312 0.060937
0 0.280469 0.796875 0.042188 0.067187
0 0.667188 0.778125 0.039062 0.065625
0 0.699219 0.760156 0.035937 0.059375
0 0.149219 0.921094 0.035937 0.048438
