0 0.696875 0.252344 0.084375 0.062500
0 0.710156 0.334375 0.096875 0.056250
0 0.458594 0.479687 0.179688 0.106250
0 0.365625 0.228906 0.096875 0.065625
0 0.389062 0.303906 0.087500 0.053125
0 0.098437 0.312500 0.089063 0.078125
0 0.614844 0.560937 0.106250 0.067187
0 0.512500 0.601562 0.096875 0.065625
0 0.813281 0.703906 0.126562 0.082812
0 0.814844 0.816406 0.103125 0.087500
0 0.699219 0.857812 0.118750 0.076563
0 0.328125 0.755469 0.098437 0.065625
0 0.536719 0.786719 0.187500 0.092188
0 0.677344 0.482031 0.137500 0.067187
0 0.612500 0.392969 0.140625 0.085938
0 0.612500 0.292969 0.076563 0.050000
0 0.289062 0.327344 0.103125 0.068750
0 0.123438 0.471094 0.075000 0.056250
