0 0.276562 0.502344 0.071875 0.100000
0 0.082031 0.629687 0.098437 0.131250
0 0.142187 0.385156 0.067187 0.078125
0 0.140625 0.273438 0.062500 0.078125
0 0.460938 0.417969 0.076563 0.078125
0 0.556250 0.806250 0.071875 0.135937
0 0.488281 0.638281 0.110937 0.103125
0 0.833594 0.565625 0.054688 0.081250
0 0.605469 0.642969 0.051562 0.062500
0 0.672656 0.450000 0.070312 0.146875
0 0.385156 0.815625 0.107813 0.082812
0 0.559375 0.403906 0.043750 0.073438
0 0.860156 0.432812 0.051562 0.065625
0 0.801562 0.476562 0.059375 0.068750
0 0.374219 0.584375 0.071875 0.078125
