0 0.310156 0.107031 0.031250 0.045312
0 0.071094 0.590625 0.039062 0.067187
0 0.338281 0.713281 0.056250 0.085938
0 0.654687 0.811719 0.050000 0.065625
0 0.717969 0.565625 0.085938 0.145313
0 0.544531 0.531250 0.045312 0.068750
0 0.388281 0.292187 0.043750 0.065625
0 0.796875 0.223438 0.043750 0.078125
0 0.849219 0.200781 0.037500 0.065625
0 0.393750 0.026562 0.056250 0.053125
0 0.422656 0.100781 0.059375 0.075000
0 0.521875 0.303125 0.040625 0.093750
0 0.610938 0.340625 0.035937 0.112500
0 0.560156 0.385156 0.070312 0.082812
0 0.504687 0.414844 0.046875 0.070312
0 0.440625 0.278125 0.046875 0.114062
0 0.556250 0.876563 0.046875 0.059375
0 0.619531 0.650000 0.050000 0.057813
0 0.589063 0.480469 0.054688 0.070312
0 0.702344 0.759375 0.039062 0.050000
0 0.715625 0.030469 0.054688 0.060937
