0 0.485938 0.113281 0.073438 0.081250
0 0.350000 0.137500 0.104688 0.101562
0 0.182812 0.254688 0.071875 0.100000
0 0.142969 0.061719 0.114062 0.123438
0 0.038281 0.142187 0.075000 0.115625
0 0.460156 0.288281 0.168750 0.200000
0 0.660156 0.042969 0.178125 0.085938
0 0.874219 0.038281 0.095312 0.076563
0 0.972656 0.246094 0.054688 0.154688
0 0.912500 0.405469 0.146875 0.170313
0 0.729688 0.834375 0.175000 0.221875
0 0.613281 0.926562 0.090625 0.112500
0 0.431250 0.904687 0.115625 0.117188
0 0.429688 0.781250 0.093750 0.085938
0 0.285938 0.910937 0.151562 0.178125
0 0.550781 0.647656 0.153125 0.140625
0 0.495312 0.490625 0.153125 0.190625
0 0.651563 0.456250 0.103125 0.165625
0 0.748437 0.303125 0.087500 0.121875
0 0.781250 0.484375 0.112500 0.125000
0 0.927344 0.570312 0.100000 0.095312
0 0.874219 0.226562 0.128125 0.131250
0 0.849219 0.713281 0.068750 0.093750
0 0.288281 0.475781 0.234375 0.342187
0 0.135937 0.840625 0.096875 0.103125
