0 0.905469 0.357812 0.064062 0.039062
0 0.915625 0.638281 0.109375 0.043750
0 0.642188 0.560156 0.065625 0.046875
0 0.751563 0.439844 0.078125 0.037500
0 0.696094 0.321875 0.070312 0.046875
0 0.794531 0.332031 0.087500 0.059375
0 0.889062 0.408594 0.067187 0.035937
0 0.961719 0.251563 0.076563 0.048438
0 0.337500 0.332031 0.093750 0.062500
0 0.123438 0.346875 0.065625 0.043750
0 0.106250 0.525781 0.056250 0.043750
0 0.211719 0.606250 0.115625 0.100000
0 0.301563 0.618750 0.100000 0.065625
0 0.400000 0.541406 0.112500 0.079687
0 0.447656 0.596094 0.059375 0.035937
0 0.552344 0.586719 0.062500 0.078125
0 0.571875 0.732812 0.087500 0.064062
0 0.573438 0.659375 0.096875 0.050000
0 0.825000 0.715625 0.053125 0.037500
0 0.530469 0.957031 0.050000 0.040625
0 0.263281 0.967969 0.056250 0.031250
0 0.227344 0.770312 0.137500 0.075000
0 0.256250 0.689844 0.070312 0.048438
0 0.402344 0.742969 0.092188 0.062500
0 0.388281 0.677344 0.065625 0.037500
0 0.161719 0.160938 0.062500 0.065625
0 0.221094 0.020313 0.067187 0.040625
0 0.397656 0.079687 0.062500 0.034375
0 0.239844 0.839844 0.082812 0.043750
0 0.653906 0.782813 0.062500 0.043750
