0 0.810156 0.446094 0.125000 0.075000
0 0.898438 0.858594 0.106250 0.106250
0 0.433594 0.816406 0.137500 0.100000
0 0.317969 0.871875 0.084375 0.082812
0 0.560156 0.967187 0.114062 0.065625
0 0.525000 0.878906 0.093750 0.075000
0 0.871094 0.250000 0.107813 0.078125
0 0.645312 0.183594 0.093750 0.084375
0 0.956250 0.173437 0.087500 0.082812
0 0.456250 0.673438 0.078125 0.050000
0 0.717969 0.854688 0.090625 0.070312
0 0.492969 0.043750 0.060937 0.065625
0 0.622656 0.105469 0.081250 0.065625
0 0.396875 0.362500 0.087500 0.059375
