0 0.641406 0.294531 0.054688 0.057813
0 0.554688 0.461719 0.082812 0.084375
0 0.381250 0.439844 0.057813 0.054688
0 0.557813 0.138281 0.050000 0.053125
0 0.626563 0.106250 0.045312 0.053125
0 0.863281 0.265625 0.059375 0.110937
0 0.875000 0.439844 0.056250 0.048438
0 0.160938 0.771875 0.043750 0.039062
0 0.144531 0.859375 0.039062 0.035937
0 0.337500 0.799219 0.040625 0.039062
0 0.455469 0.855469 0.089063 0.078125
0 0.222656 0.869531 0.062500 0.053125
0 0.525000 0.664844 0.065625 0.062500
0 0.583594 0.634375 0.048438 0.043750
0 0.315625 0.196094 0.053125 0.060937
0 0.225000 0.157031 0.048438 0.060937
0 0.450781 0.128906 0.050000 0.054688
0 0.402344 0.133594 0.042188 0.057813
0 0.451562 0.188281 0.042188 0.048438
0 0.781250 0.090625 0.046875 0.046875
0 0.622656 0.389844 0.042188 0.046875
0 0.771875 0.367188 0.048438 0.064062
0 0.796875 0.464844 0.042188 0.067187
0 0.429688 0.157812 0.114062 0.131250
0 0.639844 0.278125 0.121875 0.123438
0 0.678906 0.716406 0.135937 0.096875
