0 0.745313 0.285938 0.071875 0.068750
0 0.642969 0.292969 0.087500 0.054688
0 0.661719 0.352344 0.075000 0.065625
0 0.528906 0.313281 0.071875 0.046875
0 0.455469 0.327344 0.075000 0.053125
0 0.582812 0.185156 0.075000 0.048438
0 0.131250 0.362500 0.075000 0.053125
0 0.383594 0.725781 0.134375 0.067187
0 0.625781 0.792969 0.109375 0.053125
0 0.583594 0.748437 0.071875 0.053125
0 0.687500 0.671875 0.093750 0.045312
0 0.528125 0.449219 0.153125 0.065625
0 0.646875 0.527344 0.101562 0.068750
0 0.401562 0.584375 0.103125 0.076563
0 0.341406 0.632812 0.071875 0.045312
0 0.230469 0.539062 0.084375 0.037500
0 0.322656 0.855469 0.134375 0.059375
0 0.206250 0.478906 0.079687 0.043750
0 0.122656 0.610156 0.096875 0.053125
0 0.248438 0.646094 0.078125 0.034375
0 0.436719 0.683594 0.076563 0.046875
0 0.518750 0.697656 0.059375 0.053125
0 0.502344 0.752344 0.060937 0.059375
0 0.638281 0.618750 0.062500 0.051562
0 0.743750 0.628906 0.053125 0.034375
0 0.458594 0.527344 0.085938 0.060937
0 0.285938 0.477344 0.065625 0.093750
0 0.521875 0.375000 0.137500 0.068750
0 0.614062 0.400000 0.073438 0.040625
0 0.703906 0.221875 0.150000 0.087500
