0 0.470313 0.501563 0.110937 0.125000
0 0.476562 0.296875 0.060937 0.090625
0 0.374219 0.438281 0.046875 0.059375
0 0.284375 0.600781 0.056250 0.075000
0 0.609375 0.947656 0.062500 0.078125
0 0.721094 0.564063 0.045312 0.067187
0 0.667188 0.482031 0.059375 0.076563
0 0.450000 0.668750 0.065625 0.084375
0 0.506250 0.729688 0.053125 0.068750
0 0.572656 0.789062 0.048438 0.078125
0 0.518750 0.826562 0.053125 0.103125
0 0.047656 0.645312 0.056250 0.075000
0 0.153906 0.780469 0.075000 0.095312
0 0.058594 0.853125 0.071875 0.128125
0 0.188281 0.463281 0.064062 0.067187
0 0.553906 0.589063 0.064062 0.075000
0 0.428906 0.970313 0.095312 0.059375
0 0.453125 0.853125 0.065625 0.129688
