0 0.465625 0.083594 0.045312 0.056250
0 0.191406 0.518750 0.062500 0.053125
0 0.189062 0.601562 0.070312 0.073438
0 0.350781 0.566406 0.100000 0.090625
0 0.448437 0.362500 0.050000 0.068750
0 0.310937 0.387500 0.062500 0.068750
0 0.369531 0.343750 0.046875 0.089063
0 0.257031 0.442188 0.054688 0.076563
0 0.463281 0.543750 0.059375 0.054688
0 0.564063 0.414062 0.051562 0.065625
0 0.572656 0.677344 0.053125 0.081250
0 0.317188 0.679688 0.109375 0.076563
0 0.357812 0.457813 0.037500 0.060937
0 0.582031 0.585938 0.059375 0.071875
