0 0.475000 0.332031 0.034375 0.059375
0 0.530469 0.857031 0.032813 0.059375
0 0.644531 0.775781 0.040625 0.064062
0 0.792969 0.564063 0.025000 0.046875
0 0.403125 0.880469 0.043750 0.059375
0 0.576562 0.972656 0.048438 0.054688
0 0.260937 0.630469 0.029687 0.046875
0 0.295312 0.364063 0.048438 0.054688
0 0.334375 0.301563 0.029687 0.087500
0 0.357031 0.183594 0.029687 0.039062
0 0.402344 0.153125 0.032813 0.040625
0 0.378906 0.514062 0.031250 0.087500
0 0.511719 0.614844 0.040625 0.051562
0 0.489063 0.714844 0.035937 0.060937
0 0.792188 0.865625 0.043750 0.068750
0 0.682031 0.541406 0.035937 0.078125
0 0.244531 0.896875 0.026562 0.051562
0 0.307031 0.850781 0.032813 0.053125
0 0.352344 0.836719 0.031250 0.059375
0 0.456250 0.658594 0.056250 0.084375
0 0.602344 0.658594 0.031250 0.106250
0 0.553125 0.542969 0.045312 0.051562
0 0.496094 0.273438 0.040625 0.054688
0 0.654687 0.676562 0.060937 0.051562
0 0.707031 0.635938 0.031250 0.064062
0 0.785937 0.685937 0.051562 0.125000
0 0.727344 0.786719 0.075000 0.110937
0 0.532813 0.370312 0.035937 0.060937
0 0.381250 0.368750 0.026562 0.054688
0 0.436719 0.396094 0.054688 0.048438
0 0.250781 0.301563 0.026562 0.060937
0 0.307812 0.480469 0.037500 0.084375
0 0.334375 0.628906 0.032813 0.110937
0 0.359375 0.719531 0.053125 0.126562
0 0.244531 0.776563 0.035937 0.039062
0 0.234375 0.810156 0.023438 0.057813
