0 0.758594 0.400000 0.046875 0.084375
0 0.547656 0.345313 0.059375 0.112500
0 0.536719 0.574219 0.051562 0.092188
0 0.593750 0.567969 0.050000 0.078125
0 0.592969 0.839063 0.053125 0.075000
0 0.375000 0.667969 0.039062 0.131250
0 0.387500 0.559375 0.056250 0.090625
0 0.278125 0.256250 0.060937 0.093750
0 0.307031 0.429688 0.081250 0.125000
0 0.260156 0.582812 0.098437 0.156250
0 0.438281 0.642188 0.053125 0.081250
0 0.431250 0.751563 0.065625 0.110937
0 0.354687 0.928906 0.051562 0.082812
0 0.847656 0.649219 0.053125 0.089063
0 0.796875 0.550781 0.042188 0.068750
0 0.814844 0.096875 0.043750 0.071875
0 0.703125 0.311719 0.057813 0.109375
0 0.600000 0.264062 0.046875 0.071875
0 0.275000 0.177344 0.109375 0.071875
0 0.165625 0.517969 0.050000 0.070312
0 0.162500 0.429688 0.096875 0.121875
0 0.100000 0.526563 0.043750 0.062500
0 0.489063 0.916406 0.076563 0.082812
0 0.162500 0.654687 0.081250 0.132812
