0 0.242969 0.776563 0.075000 0.100000
0 0.110156 0.707812 0.087500 0.103125
0 0.137500 0.433594 0.054688 0.081250
0 0.244531 0.509375 0.053125 0.071875
0 0.345313 0.607812 0.068750 0.093750
0 0.348438 0.466406 0.085938 0.118750
0 0.402344 0.272656 0.110937 0.101562
0 0.461719 0.559375 0.064062 0.073438
0 0.466406 0.693750 0.051562 0.071875
0 0.514062 0.657031 0.050000 0.081250
0 0.522656 0.810937 0.059375 0.065625
0 0.812500 0.900000 0.068750 0.112500
0 0.643750 0.276562 0.101562 0.060937
0 0.638281 0.189844 0.068750 0.059375
0 0.489063 0.446094 0.075000 0.075000
0 0.516406 0.357812 0.059375 0.106250
0 0.463281 0.771094 0.064062 0.065625
0 0.257812 0.949219 0.087500 0.100000
0 0.015625 0.089063 0.031250 0.065625
0 0.246094 0.628125 0.084375 0.084375
0 0.314844 0.722656 0.059375 0.137500
0 0.637500 0.421875 0.059375 0.078125
0 0.570312 0.417187 0.085938 0.075000
0 0.702344 0.614062 0.059375 0.071875
0 0.631250 0.746875 0.064062 0.087500
0 0.490625 0.881250 0.043750 0.067187
0 0.590625 0.864844 0.050000 0.064062
0 0.687500 0.690625 0.048438 0.065625
0 0.507031 0.235937 0.093750 0.071875
0 0.792969 0.506250 0.078125 0.092188
0 0.699219 0.125000 0.087500 0.076563
0 0.600000 0.114062 0.070312 0.065625
0 0.432812 0.368750 0.056250 0.067187
0 0.185156 0.663281 0.043750 0.059375
0 0.750000 0.692969 0.046875 0.087500
0 0.779687 0.285938 0.062500 0.082812
0 0.557813 0.696875 0.042188 0.068750
0 0.523438 0.553125 0.056250 0.125000
