0 0.631250 0.115625 0.040625 0.050000
0 0.576562 0.020313 0.043750 0.040625
0 0.275781 0.036719 0.040625 0.046875
0 0.238281 0.198437 0.053125 0.078125
0 0.064062 0.526563 0.053125 0.075000
0 0.100781 0.698438 0.070312 0.081250
0 0.178125 0.658594 0.037500 0.050000
0 0.417187 0.739844 0.045312 0.051562
0 0.543750 0.833594 0.031250 0.051562
0 0.470313 0.700000 0.037500 0.060937
0 0.567187 0.557813 0.034375 0.048438
0 0.539062 0.376563 0.087500 0.125000
0 0.586719 0.220312 0.062500 0.068750
0 0.361719 0.257812 0.034375 0.084375
0 0.278906 0.392188 0.053125 0.106250
0 0.225781 0.468750 0.065625 0.081250
0 0.382812 0.621875 0.035937 0.056250
0 0.234375 0.566406 0.056250 0.096875
0 0.418750 0.211719 0.043750 0.059375
0 0.393750 0.264062 0.028125 0.042188
0 0.442969 0.282813 0.053125 0.064062
0 0.436719 0.352344 0.050000 0.064062
0 0.490625 0.583594 0.039062 0.060937
0 0.336719 0.419531 0.037500 0.062500
0 0.332031 0.480469 0.040625 0.060937
0 0.359375 0.533594 0.062500 0.056250
0 0.457031 0.797656 0.040625 0.043750
0 0.454688 0.417969 0.031250 0.046875
0 0.482812 0.497656 0.034375 0.065625
0 0.435156 0.078906 0.046875 0.040625
