0 0.226562 0.696094 0.078125 0.062500
0 0.350781 0.653906 0.153125 0.081250
0 0.179688 0.496875 0.095312 0.062500
0 0.267188 0.256250 0.140625 0.103125
0 0.671875 0.717969 0.090625 0.068750
0 0.804688 0.317188 0.071875 0.065625
0 0.528906 0.569531 0.121875 0.081250
0 0.392969 0.553906 0.070312 0.050000
0 0.555469 0.398438 0.121875 0.081250
0 0.389844 0.233594 0.084375 0.057813
0 0.285156 0.417187 0.109375 0.140625
0 0.477344 0.312500 0.134375 0.100000
0 0.417969 0.431250 0.140625 0.093750
0 0.666406 0.440625 0.107813 0.053125
0 0.636719 0.277344 0.106250 0.076563
0 0.100781 0.205469 0.120313 0.092188
0 0.434375 0.783594 0.084375 0.067187
