0 0.057031 0.585938 0.075000 0.046875
0 0.282813 0.795312 0.062500 0.042188
0 0.289062 0.875781 0.062500 0.051562
0 0.503125 0.919531 0.059375 0.040625
0 0.954688 0.814063 0.059375 0.071875
0 0.878906 0.833594 0.050000 0.037500
0 0.910937 0.675781 0.100000 0.060937
0 0.915625 0.532813 0.079687 0.062500
0 0.961719 0.275000 0.068750 0.065625
0 0.879687 0.223438 0.078125 0.043750
0 0.673438 0.502344 0.071875 0.053125
0 0.187500 0.535937 0.057813 0.037500
0 0.278125 0.746875 0.084375 0.032813
0 0.251563 0.679688 0.059375 0.037500
0 0.357812 0.692969 0.050000 0.034375
0 0.416406 0.850781 0.098437 0.103125
0 0.717187 0.828125 0.054688 0.040625
0 0.777344 0.790625 0.050000 0.035937
0 0.764062 0.442969 0.053125 0.039062
0 0.751563 0.519531 0.059375 0.035937
0 0.184375 0.348438 0.053125 0.034375
0 0.037500 0.749219 0.059375 0.040625
0 0.561719 0.828125 0.057813 0.050000
0 0.391406 0.513281 0.046875 0.040625
0 0.421875 0.639062 0.059375 0.040625
0 0.677344 0.350781 0.048438 0.040625
0 0.675000 0.737500 0.059375 0.034375
0 0.582031 0.754687 0.096875 0.040625
0 0.425000 0.553906 0.068750 0.034375
0 0.346094 0.946875 0.059375 0.043750
0 0.241406 0.917969 0.054688 0.037500
