0 0.200000 0.253906 0.075000 0.050000
0 0.860938 0.656250 0.015625 0.045312
0 0.837500 0.598437 0.018750 0.028125
0 0.797656 0.619531 0.018750 0.028125
0 0.785937 0.597656 0.018750 0.028125
0 0.789062 0.742188 0.015625 0.031250
0 0.794531 0.769531 0.015625 0.021875
0 0.766406 0.763281 0.018750 0.025000
0 0.737500 0.766406 0.028125 0.021875
0 0.803125 0.539844 0.015625 0.025000
0 0.757031 0.408594 0.026562 0.026562
0 0.717969 0.361719 0.018750 0.034375
0 0.732812 0.588281 0.020313 0.043750
0 0.712500 0.535156 0.020313 0.025000
0 0.730469 0.511719 0.025000 0.042188
0 0.778906 0.557031 0.031250 0.040625
0 0.769531 0.514062 0.028125 0.031250
0 0.706250 0.417187 0.040625 0.048438
0 0.709375 0.458594 0.031250 0.034375
0 0.735156 0.448437 0.021875 0.056250
0 0.633594 0.411719 0.026562 0.054688
0 0.653125 0.358594 0.037500 0.026562
0 0.581250 0.365625 0.023438 0.048438
0 0.563281 0.435937 0.018750 0.031250
0 0.608594 0.394531 0.028125 0.026562
0 0.615625 0.441406 0.021875 0.021875
0 0.814844 0.738281 0.014063 0.029687
0 0.803125 0.714844 0.015625 0.031250
0 0.741406 0.554688 0.017188 0.031250
0 0.775781 0.704688 0.015625 0.043750
0 0.698438 0.833594 0.021875 0.015625
