0 0.253906 0.720313 0.037500 0.026562
0 0.161719 0.511719 0.039062 0.021875
0 0.206250 0.375000 0.065625 0.034375
0 0.204687 0.411719 0.034375 0.040625
0 0.409375 0.466406 0.051562 0.029687
0 0.575781 0.695312 0.043750 0.028125
0 0.572656 0.609375 0.040625 0.028125
0 0.300000 0.687500 0.043750 0.028125
0 0.252344 0.646875 0.037500 0.028125
0 0.791406 0.420312 0.040625 0.025000
0 0.758594 0.309375 0.039062 0.029687
0 0.659375 0.240625 0.040625 0.037500
0 0.686719 0.287500 0.053125 0.034375
0 0.633594 0.696094 0.037500 0.028125
0 0.640625 0.601562 0.053125 0.034375
0 0.181250 0.714844 0.037500 0.028125
