0 0.557031 0.160156 0.045312 0.071875
0 0.546094 0.478906 0.028125 0.051562
0 0.742188 0.891406 0.029687 0.064062
0 0.821875 0.806250 0.031250 0.062500
0 0.903125 0.817969 0.037500 0.065625
0 0.925000 0.311719 0.054688 0.107813
0 0.881250 0.246875 0.023438 0.046875
0 0.139063 0.781250 0.026562 0.051562
0 0.382031 0.660156 0.065625 0.057813
0 0.358594 0.715625 0.023438 0.039062
0 0.512500 0.275000 0.043750 0.070312
0 0.546875 0.233594 0.034375 0.045312
0 0.714063 0.307031 0.031250 0.092188
0 0.776563 0.339844 0.056250 0.084375
0 0.394531 0.461719 0.037500 0.062500
0 0.339844 0.408594 0.026562 0.053125
0 0.443750 0.399219 0.042188 0.103125
0 0.616406 0.162500 0.028125 0.057813
0 0.562500 0.578906 0.026562 0.040625
0 0.475000 0.664844 0.020313 0.039062
0 0.506250 0.673438 0.031250 0.051562
0 0.537500 0.639062 0.026562 0.045312
0 0.492188 0.554688 0.056250 0.081250
0 0.428125 0.817969 0.042188 0.068750
0 0.339062 0.795312 0.039062 0.089063
0 0.641406 0.491406 0.051562 0.100000
0 0.650781 0.267969 0.040625 0.078125
0 0.773438 0.229687 0.035937 0.070312
0 0.598437 0.556250 0.028125 0.071875
0 0.335938 0.490625 0.031250 0.053125
0 0.298438 0.460156 0.029687 0.067187
0 0.686719 0.632031 0.029687 0.070312
0 0.830469 0.072656 0.034375 0.068750
0 0.764844 0.039844 0.031250 0.051562
