0 0.416406 0.804688 0.150000 0.095312
0 0.476562 0.928125 0.296875 0.117188
0 0.527344 0.434375 0.265625 0.184375
0 0.349219 0.600781 0.212500 0.123438
0 0.441406 0.720313 0.090625 0.068750
0 0.544531 0.783594 0.093750 0.068750
0 0.875781 0.495312 0.150000 0.090625
0 0.770312 0.600781 0.173437 0.081250
0 0.928125 0.655469 0.143750 0.089063
0 0.361719 0.229687 0.173437 0.076563
0 0.171875 0.104688 0.290625 0.150000
0 0.060937 0.246875 0.121875 0.076563
0 0.140625 0.332813 0.171875 0.098437
0 0.287500 0.432031 0.221875 0.075000
0 0.138281 0.635938 0.182812 0.184375
0 0.737500 0.386719 0.125000 0.082812
0 0.470313 0.560937 0.134375 0.059375
