0 0.154688 0.653906 0.035937 0.053125
0 0.203906 0.857812 0.025000 0.071875
0 0.561719 0.859375 0.053125 0.070312
0 0.603125 0.741406 0.046875 0.076563
0 0.754687 0.403906 0.035937 0.076563
0 0.734375 0.523438 0.034375 0.089063
0 0.449219 0.460156 0.031250 0.071875
0 0.555469 0.496094 0.031250 0.062500
0 0.575000 0.404687 0.026562 0.048438
0 0.308594 0.530469 0.034375 0.062500
0 0.044531 0.645312 0.031250 0.045312
0 0.046094 0.698438 0.040625 0.040625
0 0.382031 0.768750 0.035937 0.075000
0 0.246094 0.761719 0.028125 0.062500
0 0.324219 0.904687 0.026562 0.064062
0 0.451562 0.652344 0.031250 0.056250
0 0.175000 0.541406 0.048438 0.054688
