0 0.625000 0.406250 0.079687 0.120313
0 0.782813 0.132031 0.054688 0.079687
0 0.175000 0.265625 0.100000 0.112500
0 0.463281 0.086719 0.067187 0.089063
0 0.518750 0.510156 0.085938 0.109375
0 0.442969 0.556250 0.068750 0.079687
0 0.535156 0.680469 0.150000 0.148438
0 0.359375 0.867188 0.081250 0.125000
0 0.341406 0.479687 0.059375 0.075000
0 0.417969 0.476562 0.046875 0.056250
0 0.510156 0.358594 0.056250 0.126562
0 0.317969 0.664062 0.114062 0.134375
0 0.274219 0.498437 0.068750 0.109375
0 0.233594 0.595313 0.046875 0.087500
