0 0.087500 0.797656 0.068750 0.076563
0 0.020313 0.671094 0.040625 0.078125
0 0.420312 0.424219 0.145313 0.128125
0 0.514062 0.610156 0.071875 0.062500
0 0.650781 0.439844 0.065625 0.050000
0 0.683594 0.383594 0.106250 0.046875
0 0.315625 0.169531 0.115625 0.081250
0 0.242188 0.326562 0.106250 0.078125
0 0.227344 0.532031 0.145313 0.100000
0 0.375000 0.336719 0.109375 0.053125
0 0.455469 0.098437 0.075000 0.053125
0 0.697656 0.207031 0.059375 0.087500
0 0.597656 0.217969 0.084375 0.062500
0 0.807813 0.168750 0.087500 0.050000
0 0.941406 0.433594 0.075000 0.078125
0 0.639844 0.596875 0.082812 0.053125
0 0.133594 0.396875 0.100000 0.065625
0 0.134375 0.203125 0.101562 0.056250
0 0.364844 0.274219 0.071875 0.053125
0 0.450000 0.198437 0.125000 0.087500
