0 0.317969 0.582812 0.067187 0.081250
0 0.298438 0.808594 0.076563 0.079687
0 0.389844 0.964063 0.065625 0.071875
0 0.463281 0.957031 0.053125 0.085938
0 0.351562 0.216406 0.084375 0.150000
0 0.700000 0.429688 0.059375 0.087500
0 0.463281 0.479687 0.057813 0.068750
0 0.561719 0.453125 0.054688 0.073438
0 0.383594 0.440625 0.060937 0.073438
0 0.511719 0.369531 0.050000 0.082812
0 0.626563 0.151562 0.107813 0.259375
0 0.464844 0.197656 0.071875 0.092188
0 0.533594 0.196875 0.059375 0.089063
0 0.542969 0.732031 0.054688 0.057813
0 0.212500 0.286719 0.043750 0.068750
0 0.294531 0.341406 0.054688 0.070312
0 0.359375 0.356250 0.065625 0.092188
0 0.336719 0.506250 0.053125 0.064062
