0 0.317969 0.248438 0.078125 0.046875
0 0.175781 0.690625 0.070312 0.050000
0 0.271094 0.694531 0.076563 0.042188
0 0.173437 0.828906 0.068750 0.050000
0 0.326562 0.920312 0.096875 0.084375
0 0.433594 0.856250 0.118750 0.065625
0 0.537500 0.908594 0.096875 0.065625
0 0.649219 0.867188 0.062500 0.046875
0 0.721875 0.863281 0.078125 0.065625
0 0.813281 0.819531 0.075000 0.050000
0 0.600781 0.691406 0.151562 0.056250
0 0.424219 0.726562 0.079687 0.042188
0 0.425781 0.948438 0.106250 0.050000
0 0.786719 0.668750 0.081250 0.056250
0 0.704688 0.739844 0.128125 0.065625
0 0.614062 0.732031 0.073438 0.040625
0 0.213281 0.780469 0.085938 0.042188
0 0.803906 0.771094 0.131250 0.046875
0 0.852344 0.725781 0.065625 0.046875
0 0.705469 0.657031 0.062500 0.042188
0 0.496875 0.717187 0.081250 0.081250
0 0.323437 0.752344 0.062500 0.040625
0 0.939063 0.796094 0.075000 0.068750
0 0.748437 0.566406 0.098437 0.056250
