0 0.776563 0.252344 0.087500 0.081250
0 0.429688 0.339844 0.073438 0.075000
0 0.378125 0.392188 0.059375 0.050000
0 0.336719 0.344531 0.087500 0.071875
0 0.384375 0.719531 0.062500 0.053125
0 0.389844 0.522656 0.096875 0.065625
0 0.303906 0.590625 0.056250 0.056250
0 0.210938 0.632031 0.090625 0.068750
0 0.192188 0.245312 0.075000 0.060937
0 0.212500 0.145313 0.062500 0.040625
0 0.501563 0.114062 0.153125 0.081250
0 0.490625 0.271875 0.093750 0.065625
0 0.514844 0.378906 0.087500 0.050000
0 0.738281 0.420312 0.150000 0.090625
0 0.669531 0.239844 0.075000 0.050000
0 0.194531 0.413281 0.106250 0.056250
0 0.316406 0.460156 0.065625 0.037500
0 0.163281 0.505469 0.109375 0.057813
0 0.064062 0.525000 0.065625 0.068750
0 0.308594 0.216406 0.064062 0.039062
0 0.057031 0.722656 0.059375 0.040625
