0 0.325000 0.249219 0.042188 0.067187
0 0.232813 0.373437 0.037500 0.071875
0 0.275000 0.382031 0.039062 0.062500
0 0.295312 0.543750 0.121875 0.084375
0 0.303125 0.750781 0.031250 0.046875
0 0.423438 0.302344 0.054688 0.090625
0 0.461719 0.389062 0.057813 0.059375
0 0.443750 0.492188 0.029687 0.053125
0 0.568750 0.197656 0.064062 0.084375
0 0.735156 0.720313 0.040625 0.059375
0 0.467969 0.678125 0.037500 0.056250
0 0.352344 0.620313 0.037500 0.056250
0 0.339844 0.387500 0.075000 0.084375
0 0.368750 0.287500 0.037500 0.098437
