0 0.347656 0.046875 0.075000 0.093750
0 0.684375 0.236719 0.034375 0.070312
0 0.743750 0.227344 0.053125 0.085938
0 0.691406 0.323437 0.073438 0.082812
0 0.415625 0.319531 0.054688 0.081250
0 0.597656 0.838281 0.056250 0.082812
0 0.437500 0.757031 0.075000 0.104688
0 0.700781 0.582031 0.121875 0.159375
0 0.324219 0.532813 0.067187 0.112500
0 0.380469 0.491406 0.054688 0.101562
0 0.428906 0.631250 0.045312 0.082812
0 0.565625 0.642969 0.039062 0.079687
0 0.550781 0.572656 0.065625 0.071875
0 0.609375 0.342969 0.056250 0.101562
0 0.541406 0.358594 0.081250 0.126562
0 0.651563 0.194531 0.043750 0.053125
0 0.450781 0.093750 0.050000 0.064062
0 0.203906 0.104688 0.053125 0.139063
0 0.351562 0.302344 0.067187 0.081250
0 0.358594 0.403906 0.085938 0.064062
0 0.545312 0.485938 0.050000 0.087500
0 0.492969 0.528125 0.035937 0.090625
0 0.532813 0.777344 0.042188 0.067187
0 0.401562 0.210156 0.046875 0.057813
0 0.337500 0.148438 0.057813 0.093750
0 0.303125 0.082812 0.043750 0.060937
0 0.327344 0.233594 0.068750 0.090625
0 0.457813 0.425000 0.106250 0.123438
0 0.540625 0.255469 0.093750 0.089063
0 0.656250 0.128906 0.050000 0.059375
0 0.347656 0.639844 0.037500 0.081250
0 0.491406 0.664844 0.034375 0.090625
0 0.466406 0.621094 0.031250 0.054688
0 0.448437 0.535937 0.054688 0.100000
0 0.452344 0.324219 0.034375 0.068750
