0 0.647656 0.406250 0.153125 0.109375
0 0.600000 0.651563 0.084375 0.075000
0 0.762500 0.194531 0.104688 0.078125
0 0.614062 0.153906 0.096875 0.093750
0 0.534375 0.203125 0.093750 0.075000
0 0.787500 0.322656 0.156250 0.067187
0 0.654687 0.517188 0.079687 0.050000
0 0.512500 0.650781 0.078125 0.065625
0 0.339062 0.581250 0.096875 0.042188
0 0.346094 0.647656 0.093750 0.046875
0 0.248438 0.662500 0.056250 0.046875
0 0.315625 0.429688 0.121875 0.078125
0 0.338281 0.260937 0.135937 0.078125
0 0.514062 0.366406 0.065625 0.040625
0 0.480469 0.491406 0.093750 0.096875
0 0.578906 0.496094 0.093750 0.078125
