0 0.764062 0.725000 0.035937 0.056250
0 0.675781 0.897656 0.032813 0.048438
0 0.732031 0.907031 0.034375 0.050000
0 0.712500 0.695312 0.025000 0.076563
0 0.650781 0.613281 0.031250 0.048438
0 0.587500 0.375000 0.028125 0.056250
0 0.687500 0.314844 0.032813 0.075000
0 0.379688 0.182031 0.037500 0.056250
0 0.464062 0.075000 0.031250 0.075000
0 0.673438 0.056250 0.034375 0.103125
0 0.707031 0.092969 0.043750 0.056250
0 0.844531 0.213281 0.034375 0.051562
0 0.662500 0.259375 0.031250 0.056250
0 0.796875 0.560937 0.034375 0.056250
0 0.789844 0.702344 0.032813 0.046875
0 0.622656 0.884375 0.045312 0.065625
0 0.522656 0.792969 0.040625 0.060937
0 0.090625 0.283594 0.035937 0.068750
0 0.239063 0.207031 0.034375 0.056250
0 0.493750 0.246875 0.059375 0.100000
0 0.364844 0.392188 0.045312 0.084375
0 0.389062 0.257812 0.046875 0.079687
0 0.407031 0.089063 0.043750 0.081250
0 0.194531 0.142969 0.032813 0.059375
0 0.191406 0.375781 0.034375 0.064062
0 0.150000 0.528906 0.056250 0.120313
0 0.526563 0.628125 0.028125 0.062500
0 0.571875 0.591406 0.040625 0.068750
0 0.720313 0.808594 0.043750 0.103125
0 0.639062 0.719531 0.046875 0.075000
0 0.581250 0.700781 0.046875 0.059375
0 0.469531 0.404687 0.037500 0.076563
0 0.553125 0.358594 0.040625 0.059375
0 0.258594 0.154688 0.034375 0.068750
0 0.273438 0.028906 0.112500 0.057813
0 0.379688 0.059375 0.032813 0.067187
0 0.096094 0.021094 0.037500 0.040625
0 0.258594 0.707812 0.050000 0.065625
0 0.500781 0.583594 0.039062 0.050000
0 0.573438 0.263281 0.043750 0.093750
0 0.660937 0.151562 0.029687 0.062500
0 0.693750 0.162500 0.029687 0.053125
0 0.246094 0.310156 0.048438 0.050000
0 0.425781 0.391406 0.032813 0.056250
0 0.233594 0.963281 0.034375 0.046875
0 0.093750 0.753906 0.032813 0.050000
0 0.185156 0.606250 0.028125 0.062500
0 0.339062 0.084375 0.032813 0.062500
0 0.690625 0.603125 0.029687 0.062500
0 0.510938 0.338281 0.035937 0.068750
0 0.460156 0.325000 0.039062 0.056250
0 0.757031 0.272656 0.034375 0.057813
0 0.113281 0.219531 0.059375 0.048438
0 0.496875 0.468750 0.068750 0.046875
0 0.384375 0.721094 0.034375 0.050000
0 0.772656 0.794531 0.034375 0.059375
0 0.758594 0.884375 0.028125 0.053125
0 0.327344 0.201563 0.046875 0.054688
0 0.110156 0.115625 0.032813 0.059375
0 0.277344 0.357031 0.031250 0.050000
0 0.356250 0.318750 0.040625 0.056250
0 0.618750 0.121094 0.035937 0.118750
