0 0.721094 0.101562 0.067187 0.071875
0 0.601562 0.341406 0.040625 0.062500
0 0.541406 0.637500 0.071875 0.104688
0 0.846875 0.575781 0.085938 0.134375
0 0.603125 0.738281 0.093750 0.084375
0 0.314844 0.839844 0.062500 0.090625
0 0.442188 0.845313 0.046875 0.070312
0 0.475781 0.442188 0.045312 0.054688
0 0.710156 0.566406 0.046875 0.062500
0 0.794531 0.724219 0.039062 0.090625
0 0.928125 0.239844 0.048438 0.068750
0 0.609375 0.466406 0.045312 0.106250
0 0.877344 0.372656 0.057813 0.079687
0 0.683594 0.412500 0.059375 0.073438
0 0.742188 0.639062 0.040625 0.059375
0 0.614844 0.638281 0.060937 0.109375
0 0.592187 0.943750 0.089063 0.110937
0 0.675781 0.889844 0.082812 0.084375
0 0.400781 0.750781 0.078125 0.107813
