0 0.155469 0.193750 0.060937 0.065625
0 0.496875 0.218750 0.051562 0.071875
0 0.671875 0.028906 0.046875 0.057813
0 0.632812 0.250000 0.059375 0.093750
0 0.642188 0.442188 0.034375 0.062500
0 0.816406 0.586719 0.053125 0.062500
0 0.521875 0.696094 0.075000 0.092188
0 0.202344 0.633594 0.046875 0.056250
0 0.269531 0.596094 0.050000 0.065625
0 0.373437 0.346094 0.059375 0.070312
0 0.232031 0.402344 0.062500 0.093750
0 0.362500 0.458594 0.037500 0.046875
0 0.475781 0.309375 0.043750 0.071875
0 0.444531 0.387500 0.039062 0.062500
0 0.737500 0.953906 0.050000 0.062500
0 0.226562 0.721875 0.046875 0.068750
0 0.566406 0.372656 0.026562 0.100000
0 0.433594 0.537500 0.035937 0.043750
0 0.306250 0.460156 0.037500 0.057813
0 0.677344 0.492969 0.037500 0.067187
0 0.539844 0.449219 0.037500 0.062500
