0 0.158594 0.235937 0.029687 0.051562
0 0.219531 0.165625 0.034375 0.043750
0 0.360156 0.210938 0.028125 0.046875
0 0.601562 0.252344 0.034375 0.050000
0 0.785156 0.110937 0.028125 0.040625
0 0.775000 0.207031 0.031250 0.053125
0 0.809375 0.292187 0.025000 0.043750
0 0.964063 0.075781 0.025000 0.037500
0 0.941406 0.372656 0.032813 0.053125
0 0.805469 0.482812 0.025000 0.042188
0 0.910937 0.621875 0.025000 0.037500
0 0.030469 0.430469 0.025000 0.046875
0 0.034375 0.167969 0.025000 0.035937
0 0.078906 0.122656 0.025000 0.037500
0 0.175781 0.329688 0.029687 0.046875
0 0.268750 0.386719 0.048438 0.056250
0 0.332031 0.418750 0.031250 0.040625
0 0.364844 0.369531 0.031250 0.034375
0 0.389062 0.426563 0.031250 0.043750
0 0.764062 0.318750 0.031250 0.050000
0 0.742188 0.588281 0.028125 0.042188
0 0.725000 0.611719 0.029687 0.043750
0 0.753906 0.674219 0.034375 0.056250
0 0.857812 0.688281 0.021875 0.040625
0 0.575000 0.715625 0.023438 0.039062
0 0.654687 0.596875 0.040625 0.090625
0 0.359375 0.923438 0.025000 0.046875
0 0.397656 0.943750 0.023438 0.042188
0 0.282813 0.670312 0.040625 0.084375
0 0.552344 0.589063 0.028125 0.043750
0 0.604688 0.413281 0.040625 0.046875
0 0.511719 0.767969 0.028125 0.065625
0 0.721094 0.807031 0.023438 0.043750
0 0.022656 0.531250 0.025000 0.040625
0 0.421094 0.772656 0.043750 0.053125
0 0.528125 0.653906 0.025000 0.048438
0 0.785937 0.041406 0.025000 0.045312
0 0.932031 0.282031 0.028125 0.046875
0 0.310156 0.130469 0.034375 0.043750
0 0.058594 0.011719 0.025000 0.023438
0 0.670312 0.160156 0.032813 0.056250
0 0.711719 0.425781 0.031250 0.043750
0 0.689844 0.495312 0.025000 0.046875
0 0.074219 0.164062 0.025000 0.034375
0 0.032813 0.100781 0.026562 0.037500
0 0.784375 0.566406 0.031250 0.040625
0 0.820312 0.550000 0.023438 0.035937
0 0.807031 0.630469 0.025000 0.043750
0 0.267188 0.781250 0.021875 0.037500
0 0.827344 0.243750 0.025000 0.039062
0 0.627344 0.151562 0.026562 0.042188
0 0.218750 0.524219 0.025000 0.040625
