0 0.757031 0.223438 0.075000 0.100000
0 0.889844 0.292187 0.087500 0.103125
0 0.862500 0.566406 0.054688 0.082812
0 0.755469 0.490625 0.053125 0.071875
0 0.654687 0.392188 0.068750 0.093750
0 0.651563 0.533594 0.085938 0.118750
0 0.597656 0.727344 0.110937 0.101562
0 0.538281 0.440625 0.064062 0.073438
0 0.533594 0.306250 0.051562 0.071875
0 0.485938 0.342969 0.050000 0.081250
0 0.477344 0.189062 0.059375 0.065625
0 0.187500 0.100000 0.068750 0.112500
0 0.356250 0.723437 0.101562 0.060937
0 0.361719 0.810156 0.068750 0.059375
0 0.510938 0.553906 0.075000 0.075000
0 0.483594 0.642188 0.059375 0.106250
0 0.536719 0.228906 0.064062 0.065625
0 0.742188 0.050781 0.087500 0.100000
0 0.984375 0.910937 0.031250 0.065625
0 0.753906 0.371875 0.084375 0.084375
0 0.685156 0.277344 0.059375 0.137500
0 0.362500 0.578125 0.059375 0.078125
0 0.429688 0.582812 0.085938 0.075000
0 0.297656 0.385937 0.059375 0.071875
0 0.368750 0.253125 0.064062 0.087500
0 0.509375 0.118750 0.043750 0.067187
0 0.409375 0.135156 0.050000 0.064062
0 0.312500 0.309375 0.048438 0.065625
0 0.492969 0.764062 0.093750 0.071875
0 0.207031 0.493750 0.078125 0.092188
0 0.300781 0.875000 0.087500 0.076563
0 0.400000 0.885938 0.070312 0.065625
0 0.567187 0.631250 0.056250 0.067187
0 0.814844 0.336719 0.043750 0.059375
0 0.250000 0.307031 0.046875 0.087500
0 0.220312 0.714063 0.062500 0.082812
0 0.442188 0.303125 0.042188 0.068750
0 0.476562 0.446875 0.056250 0.125000
