0 0.792969 0.333594 0.056250 0.037500
0 0.792188 0.456250 0.053125 0.034375
0 0.353125 0.342187 0.048438 0.034375
0 0.428125 0.514844 0.090625 0.053125
0 0.601562 0.570312 0.059375 0.037500
0 0.341406 0.617188 0.051562 0.031250
0 0.637500 0.932031 0.043750 0.028125
0 0.289062 0.589063 0.043750 0.028125
0 0.294531 0.514844 0.034375 0.031250
0 0.210156 0.223438 0.043750 0.035937
0 0.084375 0.239844 0.040625 0.028125
0 0.112500 0.432812 0.053125 0.045312
0 0.188281 0.477344 0.045312 0.035937
0 0.226562 0.463281 0.062500 0.053125
