0 0.078906 0.864844 0.065625 0.040625
0 0.177344 0.835938 0.082812 0.050000
0 0.285156 0.653906 0.062500 0.043750
0 0.388281 0.564063 0.064062 0.050000
0 0.434375 0.450000 0.062500 0.043750
0 0.560937 0.538281 0.042188 0.046875
0 0.672656 0.714063 0.056250 0.039062
0 0.617969 0.653125 0.101562 0.043750
0 0.855469 0.412500 0.062500 0.037500
0 0.952344 0.760938 0.060937 0.040625
0 0.366406 0.835156 0.042188 0.028125
0 0.299219 0.778125 0.078125 0.031250
0 0.371875 0.652344 0.056250 0.037500
0 0.392188 0.688281 0.078125 0.037500
0 0.792969 0.612500 0.062500 0.034375
0 0.663281 0.453906 0.048438 0.040625
0 0.506250 0.990625 0.068750 0.018750
0 0.596094 0.735156 0.043750 0.028125
0 0.600000 0.692187 0.065625 0.034375
0 0.453125 0.796875 0.043750 0.032813
0 0.434375 0.827344 0.048438 0.026562
0 0.457031 0.738281 0.059375 0.031250
0 0.142187 0.482812 0.075000 0.040625
0 0.225000 0.433594 0.073438 0.040625
0 0.811719 0.842187 0.046875 0.029687
