0 0.251563 0.243750 0.039062 0.065625
0 0.435156 0.178906 0.043750 0.043750
0 0.506250 0.142969 0.040625 0.062500
0 0.457813 0.273438 0.028125 0.056250
0 0.494531 0.295312 0.031250 0.051562
0 0.396875 0.460938 0.040625 0.059375
0 0.644531 0.275781 0.026562 0.057813
0 0.687500 0.224219 0.031250 0.057813
0 0.775781 0.054688 0.028125 0.051562
0 0.607812 0.464844 0.034375 0.051562
0 0.645312 0.616406 0.035937 0.056250
0 0.580469 0.611719 0.031250 0.050000
0 0.678906 0.878125 0.059375 0.057813
0 0.567187 0.799219 0.023438 0.037500
0 0.537500 0.871094 0.034375 0.053125
0 0.591406 0.265625 0.031250 0.056250
0 0.484375 0.671875 0.028125 0.043750
0 0.503125 0.772656 0.034375 0.050000
0 0.338281 0.102344 0.046875 0.059375
0 0.799219 0.473438 0.021875 0.040625
