0 0.368750 0.092188 0.075000 0.087500
0 0.226562 0.239063 0.076563 0.070312
0 0.680469 0.668750 0.084375 0.112500
0 0.719531 0.822656 0.046875 0.065625
0 0.979688 0.967969 0.040625 0.064062
0 0.554688 0.206250 0.062500 0.043750
0 0.078125 0.887500 0.048438 0.070312
0 0.331250 0.353125 0.050000 0.132812
0 0.489844 0.796094 0.048438 0.059375
0 0.767969 0.374219 0.035937 0.056250
0 0.485938 0.526563 0.045312 0.065625
0 0.400781 0.251563 0.050000 0.067187
0 0.534375 0.117188 0.082812 0.081250
0 0.167969 0.724219 0.070312 0.095312
