0 0.673438 0.597656 0.065625 0.073438
0 0.495312 0.510938 0.087500 0.073438
0 0.582031 0.458594 0.067187 0.081250
0 0.311719 0.246875 0.046875 0.054688
0 0.850000 0.425781 0.059375 0.054688
0 0.665625 0.438281 0.056250 0.040625
0 0.658594 0.525781 0.048438 0.043750
0 0.433594 0.597656 0.054688 0.042188
0 0.289062 0.413281 0.064062 0.043750
0 0.345313 0.354687 0.065625 0.042188
0 0.917969 0.312500 0.050000 0.040625
0 0.737500 0.317188 0.098437 0.043750
0 0.834375 0.315625 0.050000 0.039062
0 0.786719 0.465625 0.065625 0.053125
0 0.817969 0.549219 0.093750 0.103125
0 0.512500 0.397656 0.043750 0.035937
0 0.724219 0.630469 0.043750 0.039062
