0 0.882031 0.139063 0.081250 0.098437
0 0.875781 0.273438 0.078125 0.157812
0 0.792969 0.381250 0.048438 0.078125
0 0.620313 0.692187 0.073438 0.131250
0 0.829688 0.938281 0.081250 0.081250
0 0.404687 0.935937 0.071875 0.098437
0 0.122656 0.747656 0.064062 0.121875
0 0.228125 0.743750 0.064062 0.117188
0 0.473438 0.588281 0.089063 0.107813
0 0.271094 0.304688 0.048438 0.092188
0 0.596875 0.416406 0.076563 0.121875
0 0.625000 0.377344 0.145313 0.207813
0 0.396094 0.050000 0.078125 0.100000
0 0.853125 0.620313 0.067187 0.096875
0 0.916406 0.678906 0.167187 0.246875
