0 0.252344 0.298438 0.103125 0.056250
0 0.160938 0.700000 0.143750 0.145313
0 0.362500 0.779687 0.217188 0.098437
0 0.562500 0.814844 0.125000 0.089063
0 0.953125 0.399219 0.093750 0.070312
0 0.785156 0.434375 0.126562 0.120313
0 0.608594 0.689844 0.150000 0.079687
0 0.260937 0.493750 0.140625 0.106250
0 0.141406 0.575000 0.103125 0.056250
0 0.420312 0.531250 0.100000 0.084375
0 0.433594 0.607812 0.259375 0.078125
0 0.187500 0.376563 0.225000 0.100000
0 0.090625 0.461719 0.137500 0.087500
0 0.470313 0.703906 0.112500 0.065625
