0 0.285156 0.678906 0.060937 0.079687
0 0.308594 0.227344 0.059375 0.071875
0 0.685937 0.810156 0.043750 0.070312
0 0.447656 0.399219 0.056250 0.059375
0 0.503125 0.171875 0.054688 0.126562
0 0.720313 0.228906 0.043750 0.070312
0 0.775781 0.248438 0.046875 0.056250
0 0.762500 0.307031 0.051562 0.064062
0 0.782813 0.592969 0.045312 0.076563
0 0.349219 0.350781 0.064062 0.085938
0 0.442188 0.551562 0.046875 0.068750
0 0.763281 0.392969 0.046875 0.057813
0 0.682031 0.470313 0.054688 0.070312
0 0.746875 0.305469 0.109375 0.254688
0 0.212500 0.432812 0.059375 0.070312
0 0.446875 0.228125 0.056250 0.068750
