0 0.285938 0.254688 0.068750 0.071875
0 0.292969 0.357031 0.054688 0.087500
0 0.352344 0.338281 0.067187 0.075000
0 0.313281 0.471094 0.046875 0.071875
0 0.327344 0.544531 0.053125 0.075000
0 0.185156 0.417187 0.048438 0.076563
0 0.362500 0.868750 0.053125 0.075000
0 0.725781 0.616406 0.067187 0.135937
0 0.792969 0.374219 0.053125 0.109375
0 0.748437 0.416406 0.054688 0.071875
0 0.671875 0.312500 0.045312 0.093750
0 0.449219 0.471875 0.067187 0.153125
0 0.527344 0.353125 0.070312 0.101562
0 0.584375 0.598437 0.076563 0.103125
0 0.632812 0.658594 0.045312 0.071875
0 0.539062 0.769531 0.039062 0.085938
0 0.855469 0.677344 0.059375 0.134375
0 0.478906 0.793750 0.043750 0.079687
0 0.610156 0.877344 0.054688 0.096875
0 0.646094 0.751563 0.034375 0.078125
0 0.683594 0.563281 0.048438 0.076563
0 0.697656 0.481250 0.051562 0.059375
0 0.752344 0.497656 0.059375 0.060937
0 0.618750 0.361719 0.051562 0.062500
0 0.628906 0.256250 0.035937 0.053125
0 0.527344 0.541406 0.060937 0.085938
0 0.477344 0.714063 0.093750 0.065625
0 0.375000 0.478125 0.068750 0.139063
0 0.400000 0.385937 0.039062 0.073438
0 0.221875 0.296094 0.085938 0.150000
