0 0.548438 0.815625 0.081250 0.071875
0 0.362500 0.556250 0.085938 0.064062
0 0.454688 0.553125 0.056250 0.037500
0 0.634375 0.376563 0.054688 0.043750
0 0.783594 0.517969 0.051562 0.046875
0 0.652344 0.789062 0.057813 0.039062
0 0.721875 0.798438 0.048438 0.034375
0 0.652344 0.718750 0.057813 0.046875
0 0.652344 0.577344 0.046875 0.054688
0 0.400781 0.660937 0.071875 0.059375
0 0.333594 0.630469 0.059375 0.045312
0 0.294531 0.503125 0.060937 0.045312
0 0.361719 0.464062 0.081250 0.065625
0 0.524219 0.411719 0.062500 0.059375
0 0.515625 0.546875 0.043750 0.032813
0 0.541406 0.507031 0.103125 0.043750
0 0.645312 0.494531 0.081250 0.056250
0 0.620313 0.314844 0.043750 0.035937
0 0.691406 0.429688 0.065625 0.034375
0 0.717187 0.397656 0.057813 0.043750
0 0.853906 0.401562 0.046875 0.056250
0 0.777344 0.375000 0.040625 0.029687
0 0.250000 0.458594 0.050000 0.037500
0 0.385156 0.275781 0.071875 0.037500
0 0.686719 0.221875 0.046875 0.026562
0 0.644531 0.268750 0.068750 0.031250
0 0.332031 0.983594 0.056250 0.031250
0 0.440625 0.980469 0.062500 0.039062
0 0.559375 0.980469 0.075000 0.035937
0 0.641406 0.925000 0.078125 0.048438
0 0.550000 0.914844 0.050000 0.037500
0 0.771094 0.292969 0.054688 0.040625
