0 0.578906 0.221094 0.081250 0.078125
0 0.620313 0.046094 0.071875 0.040625
0 0.868750 0.120313 0.075000 0.043750
0 0.219531 0.171094 0.071875 0.059375
0 0.120313 0.440625 0.056250 0.040625
0 0.121094 0.584375 0.054688 0.059375
0 0.230469 0.600000 0.090625 0.071875
0 0.225781 0.484375 0.137500 0.068750
0 0.310156 0.735156 0.132812 0.068750
0 0.567187 0.914844 0.059375 0.037500
0 0.631250 0.867969 0.081250 0.035937
0 0.440625 0.768750 0.068750 0.037500
0 0.559375 0.861719 0.056250 0.031250
0 0.257812 0.985938 0.112500 0.028125
0 0.092969 0.687500 0.065625 0.045312
