0 0.756250 0.251563 0.065625 0.039062
0 0.821094 0.435156 0.043750 0.043750
0 0.857031 0.506250 0.062500 0.040625
0 0.726562 0.457813 0.056250 0.028125
0 0.704688 0.494531 0.051562 0.031250
0 0.539062 0.396875 0.059375 0.040625
0 0.724219 0.644531 0.057813 0.026562
0 0.775781 0.687500 0.057813 0.031250
0 0.945312 0.775781 0.051562 0.028125
0 0.535156 0.607812 0.051562 0.034375
0 0.383594 0.645312 0.056250 0.035937
0 0.388281 0.580469 0.050000 0.031250
0 0.121875 0.678906 0.057813 0.059375
0 0.200781 0.567187 0.037500 0.023438
0 0.128906 0.537500 0.053125 0.034375
0 0.734375 0.591406 0.056250 0.031250
0 0.328125 0.484375 0.043750 0.028125
0 0.227344 0.503125 0.050000 0.034375
0 0.897656 0.338281 0.059375 0.046875
0 0.526563 0.799219 0.040625 0.021875
