0 0.647656 0.203125 0.039062 0.054688
0 0.387500 0.442969 0.029687 0.089063
0 0.407031 0.411719 0.025000 0.051562
0 0.433594 0.382812 0.032813 0.092188
0 0.454688 0.500000 0.043750 0.110937
0 0.348438 0.097656 0.050000 0.123438
0 0.586719 0.503125 0.070312 0.114062
0 0.684375 0.406250 0.039062 0.085938
0 0.726562 0.450000 0.045312 0.071875
0 0.710156 0.538281 0.042188 0.082812
0 0.746875 0.564844 0.035937 0.065625
0 0.785937 0.246875 0.037500 0.059375
0 0.751563 0.266406 0.037500 0.054688
0 0.653125 0.675000 0.034375 0.059375
0 0.793750 0.771875 0.042188 0.065625
0 0.696094 0.339062 0.043750 0.070312
0 0.378125 0.303125 0.053125 0.109375
0 0.659375 0.597656 0.051562 0.071875
0 0.700000 0.625000 0.042188 0.050000
0 0.778906 0.353906 0.035937 0.101562
0 0.742188 0.370312 0.037500 0.096875
0 0.485156 0.340625 0.034375 0.068750
0 0.857812 0.804688 0.029687 0.048438
0 0.560937 0.361719 0.039062 0.046875
