0 0.131250 0.442188 0.046875 0.075000
0 0.640625 0.361719 0.031250 0.056250
0 0.517969 0.595313 0.051562 0.075000
0 0.430469 0.804688 0.062500 0.100000
0 0.675000 0.755469 0.067187 0.103125
0 0.974219 0.700000 0.051562 0.084375
0 0.871094 0.720313 0.046875 0.112500
0 0.738281 0.742969 0.060937 0.100000
0 0.750000 0.862500 0.056250 0.084375
0 0.367188 0.099219 0.059375 0.082812
0 0.553906 0.453125 0.031250 0.051562
0 0.073438 0.865625 0.032813 0.046875
0 0.117188 0.802344 0.031250 0.053125
0 0.412500 0.591406 0.057813 0.090625
0 0.248438 0.714844 0.034375 0.060937
0 0.425781 0.707031 0.031250 0.060937
0 0.102344 0.352344 0.037500 0.064062
0 0.832031 0.781250 0.037500 0.056250
