0 0.922656 0.323437 0.048438 0.028125
0 0.988281 0.181250 0.023438 0.031250
0 0.586719 0.240625 0.050000 0.035937
0 0.111719 0.480469 0.100000 0.045312
0 0.421094 0.586719 0.053125 0.031250
0 0.367188 0.586719 0.046875 0.025000
0 0.397656 0.513281 0.056250 0.034375
0 0.493750 0.514844 0.046875 0.031250
0 0.567187 0.627344 0.056250 0.029687
0 0.692969 0.489844 0.103125 0.056250
0 0.669531 0.420312 0.046875 0.035937
0 0.392969 0.298438 0.103125 0.040625
0 0.279687 0.409375 0.053125 0.028125
0 0.342969 0.467969 0.050000 0.023438
0 0.245312 0.489844 0.053125 0.037500
0 0.825781 0.375000 0.048438 0.035937
