0 0.706250 0.126562 0.084375 0.059375
0 0.648438 0.041406 0.065625 0.043750
0 0.453906 0.096094 0.112500 0.056250
0 0.278125 0.210938 0.134375 0.059375
0 0.217188 0.378906 0.056250 0.046875
0 0.414062 0.445312 0.068750 0.053125
0 0.675000 0.824219 0.068750 0.060937
0 0.534375 0.757031 0.062500 0.050000
0 0.359375 0.775000 0.075000 0.042188
0 0.246094 0.815625 0.071875 0.046875
0 0.385937 0.544531 0.146875 0.112500
0 0.302344 0.600781 0.081250 0.053125
0 0.465625 0.844531 0.046875 0.025000
0 0.471094 0.884375 0.040625 0.031250
