0 0.189844 0.553906 0.125000 0.075000
0 0.101562 0.141406 0.106250 0.106250
0 0.566406 0.183594 0.137500 0.100000
0 0.682031 0.128125 0.084375 0.081250
0 0.439844 0.032813 0.114062 0.065625
0 0.475000 0.121094 0.093750 0.075000
0 0.128906 0.750000 0.107813 0.078125
0 0.354687 0.816406 0.093750 0.084375
0 0.043750 0.826562 0.087500 0.082812
0 0.543750 0.326562 0.078125 0.050000
0 0.282031 0.145313 0.090625 0.070312
0 0.507031 0.956250 0.060937 0.065625
0 0.377344 0.894531 0.081250 0.065625
0 0.603125 0.637500 0.087500 0.059375
