0 0.368750 0.378125 0.046875 0.062500
0 0.295312 0.439063 0.043750 0.056250
0 0.523438 0.300781 0.045312 0.068750
0 0.616406 0.278125 0.062500 0.093750
0 0.471094 0.417187 0.035937 0.046875
0 0.592969 0.464844 0.028125 0.059375
0 0.608594 0.828906 0.031250 0.046875
0 0.575000 0.886719 0.034375 0.056250
0 0.563281 0.931250 0.037500 0.039062
0 0.592969 0.569531 0.031250 0.053125
0 0.560937 0.599219 0.037500 0.064062
0 0.642969 0.358594 0.057813 0.076563
0 0.203125 0.046875 0.031250 0.093750
0 0.269531 0.199219 0.031250 0.056250
0 0.128125 0.560937 0.037500 0.079687
0 0.381250 0.168750 0.031250 0.056250
0 0.678125 0.171875 0.031250 0.051562
0 0.485938 0.661719 0.037500 0.043750
0 0.339062 0.559375 0.029687 0.046875
0 0.657031 0.430469 0.040625 0.056250
0 0.553125 0.767188 0.053125 0.050000
