0 0.223438 0.278906 0.067187 0.062500
0 0.299219 0.427344 0.039062 0.048438
0 0.353125 0.692187 0.050000 0.067187
0 0.385156 0.789062 0.057813 0.082812
0 0.460156 0.720313 0.064062 0.084375
0 0.410938 0.549219 0.051562 0.075000
0 0.287500 0.579688 0.040625 0.059375
0 0.475000 0.267969 0.046875 0.059375
0 0.521094 0.299219 0.046875 0.089063
0 0.493750 0.389844 0.064062 0.068750
0 0.216406 0.376563 0.089063 0.093750
0 0.351562 0.203125 0.032813 0.045312
0 0.355469 0.507812 0.037500 0.046875
0 0.242188 0.516406 0.065625 0.070312
0 0.471875 0.457813 0.067187 0.060937
0 0.835156 0.600781 0.057813 0.101562
0 0.604688 0.603125 0.054688 0.081250
0 0.607812 0.689063 0.054688 0.067187
0 0.653125 0.314844 0.054688 0.064062
0 0.536719 0.175000 0.079687 0.153125
0 0.625781 0.376563 0.042188 0.043750
