0 0.379688 0.317969 0.048438 0.110937
0 0.496094 0.310156 0.042188 0.068750
0 0.565625 0.253906 0.067187 0.073438
0 0.646875 0.353125 0.070312 0.145313
0 0.691406 0.385937 0.039062 0.060937
0 0.763281 0.328125 0.070312 0.092188
0 0.891406 0.269531 0.068750 0.095312
0 0.936719 0.342969 0.037500 0.060937
0 0.046094 0.090625 0.046875 0.076563
0 0.106250 0.112500 0.039062 0.098437
0 0.156250 0.164062 0.040625 0.059375
0 0.117188 0.280469 0.037500 0.089063
0 0.231250 0.296094 0.035937 0.073438
0 0.289062 0.365625 0.060937 0.070312
0 0.389062 0.703125 0.048438 0.059375
0 0.366406 0.842187 0.079687 0.056250
0 0.532031 0.914844 0.043750 0.051562
0 0.557031 0.431250 0.121875 0.107813
0 0.489063 0.773438 0.042188 0.060937
0 0.658594 0.897656 0.042188 0.059375
0 0.601562 0.573438 0.035937 0.053125
0 0.172656 0.710156 0.032813 0.051562
0 0.150781 0.092969 0.037500 0.065625
0 0.369531 0.583594 0.048438 0.062500
0 0.773438 0.832812 0.048438 0.065625
