0 0.314063 0.531250 0.032813 0.060937
0 0.346875 0.617188 0.031250 0.075000
0 0.509375 0.615625 0.026562 0.042188
0 0.775781 0.294531 0.037500 0.157812
0 0.196875 0.342187 0.034375 0.101562
0 0.177344 0.184375 0.059375 0.160938
0 0.264062 0.359375 0.031250 0.060937
0 0.224219 0.272656 0.026562 0.037500
0 0.224219 0.456250 0.032813 0.100000
0 0.485156 0.328125 0.023438 0.050000
0 0.596875 0.512500 0.026562 0.046875
0 0.446875 0.629687 0.040625 0.035937
0 0.479687 0.677344 0.029687 0.048438
0 0.723437 0.369531 0.032813 0.060937
