0 0.126562 0.293750 0.059375 0.084375
0 0.041406 0.351562 0.043750 0.065625
0 0.096094 0.546094 0.056250 0.112500
0 0.210938 0.721875 0.059375 0.134375
0 0.378906 0.782813 0.046875 0.056250
0 0.445312 0.585938 0.053125 0.068750
0 0.824219 0.325000 0.060937 0.068750
0 0.757031 0.465625 0.050000 0.062500
0 0.775000 0.640625 0.042188 0.075000
0 0.815625 0.753906 0.046875 0.071875
0 0.544531 0.614062 0.112500 0.146875
0 0.600781 0.697656 0.053125 0.081250
0 0.844531 0.534375 0.025000 0.046875
0 0.884375 0.528906 0.031250 0.040625
