0 0.471094 0.659375 0.096875 0.081250
0 0.386719 0.326562 0.096875 0.073438
0 0.344531 0.495312 0.145313 0.103125
0 0.535937 0.485938 0.068750 0.078125
0 0.691406 0.467187 0.146875 0.100000
0 0.724219 0.616406 0.084375 0.062500
0 0.689844 0.725000 0.106250 0.093750
0 0.849219 0.544531 0.079687 0.059375
0 0.850781 0.465625 0.073438 0.096875
0 0.673438 0.269531 0.101562 0.098437
0 0.396094 0.209375 0.112500 0.068750
0 0.530469 0.732031 0.179688 0.100000
0 0.038281 0.275000 0.076563 0.087500
0 0.289844 0.238281 0.071875 0.050000
0 0.773438 0.277344 0.053125 0.048438
0 0.881250 0.178906 0.081250 0.064062
0 0.406250 0.579688 0.104688 0.071875
