0 0.139844 0.492188 0.034375 0.062500
0 0.488281 0.822656 0.068750 0.137500
0 0.846875 0.312500 0.043750 0.078125
0 0.365625 0.217969 0.034375 0.060937
0 0.422656 0.198437 0.065625 0.093750
0 0.379688 0.614062 0.062500 0.109375
0 0.414844 0.466406 0.042188 0.071875
0 0.478125 0.431250 0.060937 0.107813
0 0.473438 0.557031 0.048438 0.067187
0 0.556250 0.893750 0.032813 0.054688
0 0.725000 0.849219 0.053125 0.107813
0 0.841406 0.906250 0.029687 0.068750
0 0.904687 0.903906 0.053125 0.109375
0 0.205469 0.760156 0.064062 0.143750
0 0.546875 0.416406 0.029687 0.054688
0 0.517188 0.414062 0.028125 0.051562
0 0.932813 0.585156 0.023438 0.042188
